   4.0077436e-01  -1.9810839e-02  -6.6291023e-02
  -1.6599278e+00   1.3171023e-03  -4.1006305e-01
  -1.3623132e-02   2.2307404e-01   1.0742684e-01
  -1.1470260e-01   1.5847287e-01   3.7689512e-02
   1.8495452e-01   1.9642513e-01   3.1018212e-01
   1.5457799e-02   1.1841088e-01  -6.8451548e-02
   8.6735804e-02   3.4329983e-02  -3.9105653e-03
   7.3502539e-02  -5.2137975e-02  -5.5905857e-02
  -1.1144461e+00  -2.0463545e-02  -5.3306918e-01
   4.6855563e-02   4.0779283e-01   1.1602160e-01
   3.9197121e-01   3.5105432e-01   1.0148232e-01
   5.0259565e-01   5.2747148e-02   3.6910318e-01
   1.6821278e-01   2.1295179e-01  -5.5181923e-02
   1.2673005e+00  -3.5845098e-01   3.4798753e-01
  -2.6605830e-01   2.5130772e-02  -8.4313423e-02
   4.3671410e-01   7.0055371e-02   1.0975092e-02
  -9.5023055e-01   4.2458033e-01  -2.4251588e-01
  -5.5992206e-01   2.8808534e-01  -1.1327999e-01
  -3.2296809e-04   6.1747961e-02  -4.9910711e-02
   2.5501693e-01  -2.8146199e-01  -1.4636504e-01
   1.9343882e-01   2.8091502e-01   6.5557737e-02
   2.6162063e-01   5.8847790e-02  -3.0476685e-02
  -4.2308071e-03  -2.3948196e-02   8.3065235e-02
  -3.8497834e-01   3.5623314e-01  -9.9938837e-02
   4.0330230e-01   1.5196465e-01   3.0174342e-01
  -4.5582578e-01   2.9912030e-01   3.0900320e-03
   4.6498821e-02   2.9609293e-01  -1.1418954e-01
   4.2469179e-01   1.4589816e-01   2.0030816e-01
  -6.6568962e-01   2.0901001e-01  -2.1511375e-01
  -1.1777485e+00   2.1966507e-01  -2.5714255e-01
   7.4353414e-02  -4.0398653e-02  -3.5086038e-02
  -7.5931153e-02  -1.1274662e-01  -6.4265338e-02
   3.5247352e-01  -1.9636716e-02  -7.5281856e-02
   1.0852024e-02   4.6919885e-03   7.3103604e-03
   3.5719074e-01  -4.8164908e-02  -8.0428606e-02
  -1.7545714e-01   1.6970340e-01   1.3638254e-02
  -1.1805367e+00   3.0191534e-01  -3.2920482e-01
  -1.0366951e+00   7.3708232e-02  -2.9928918e-01
   5.8372950e-03   3.8624086e-02  -2.1947072e-03
   1.7193666e-01   5.6030003e-01  -1.1813492e-01
   3.1357859e+00  -2.5396149e-01  -1.3417254e-01
  -1.8884386e+00  -1.0634072e-01  -2.9384217e-01
  -1.3699222e+00   8.5378846e-02  -3.7775291e-01
   1.2662461e-01   5.5378985e-03  -3.8704499e-02
  -1.3136320e+00  -3.1424225e-01  -6.4726230e-01
  -1.1848011e-01  -2.5518794e-02  -5.0661173e-02
   1.8669695e+00  -4.8164389e-01  -1.5774712e-01
  -2.3220306e+00  -1.9164911e-01  -5.7771178e-01
   3.1226393e+00  -3.7614471e-01  -1.2639523e-01
   4.0551509e-01   1.1501083e-01   2.8771898e-01
   1.5438565e+00  -7.4545792e-02   5.4353255e-02
   1.3629015e-01  -1.9796686e-02  -3.0380191e-02
  -9.1610225e-02  -1.1594956e-01  -6.6425487e-02
   4.2834342e-01   7.6758684e-02   1.9269225e-01
   2.8004758e-02   2.5853315e-01  -1.1563104e-01
   6.4815323e-02   5.4848240e-02   1.1971129e-01
  -3.1414491e-01   4.3605730e-01   1.4607389e-01
  -5.2133931e-01   3.5181504e-01  -2.7413828e-01
  -9.9332036e-02   2.3483428e-01   1.1799884e-01
   2.8877666e-01   2.1540321e-01  -1.9671903e-02
  -1.0477096e-01   5.7568657e-02  -9.0194663e-02
   7.9321364e-02  -2.5443364e-02   6.4801223e-02
  -2.6296719e-02  -5.8799866e-03   1.4520460e-02
  -7.6773506e-02   1.1687198e-01  -6.9560677e-02
  -6.1778002e-02   2.8565805e-02   4.1534066e-02
  -4.1949590e-02   2.1538781e-01   6.9897220e-02
   3.0259157e-02   3.1231516e-02   3.2016803e-02
   6.2744860e-02  -4.8353369e-03  -2.2479610e-02
  -3.3230009e-01   2.8693357e-01  -1.2614212e-02
   8.3408077e-02  -5.2946822e-02   4.0976468e-02
   1.2106183e-02   2.2843377e-02  -1.3844281e-02
  -2.6606040e-01   1.4456884e-01  -1.5511961e-01
   1.1634855e+00  -4.8413214e-01  -2.4062851e-01
  -1.2799750e+00   4.1476226e-01  -4.3919267e-01
  -1.1508187e+00  -6.3253533e-02  -3.4803925e-01
  -9.6860064e-01   3.3018387e-01  -3.4988391e-01
  -3.9154130e-01   2.5147475e-01  -5.2532412e-03
  -1.9566920e-01   2.4735737e-01  -1.5289823e-02
  -1.1709168e+00   1.8566379e-01  -3.4243488e-01
  -1.5036132e+00   1.2016872e-01  -4.2840019e-01
  -5.6532264e-02   2.8668808e-01   8.2702207e-02
   3.3618549e-01   7.0834474e-03  -7.9722271e-02
   1.5587593e-02   2.0374375e-02   1.1653036e-01
   2.4279379e-01   3.3816859e-02  -2.6506378e-02
  -1.9150223e-01   1.6942407e-01   3.3941796e-02
   4.0035623e-01   8.3648113e-02   2.6477531e-01
  -6.7259850e-02   9.3022257e-02   6.0857138e-02
  -7.0754439e-02   9.8725161e-02   6.0001372e-02
  -1.7548213e-01   1.6434873e-01   2.9303461e-02
   4.7205325e-02   3.2467309e-01  -1.1460387e-01
  -2.8629099e-02   1.6810515e-01  -1.3280881e-01
  -3.0087434e-02   3.1318459e-01  -6.4024904e-02
   5.5053036e-01   9.1262186e-02   3.3085693e-01
  -6.3844047e-01   8.9585358e-02  -4.0674526e-02
  -1.2832015e+00   6.0697319e-01  -3.7970642e-01
  -4.0479278e-02   9.8983976e-02  -1.0325481e-01
   2.4612629e-01   5.6093628e-02   1.9937458e-01
   6.9644288e-02   3.1280797e-01  -1.3958269e-01
  -9.2061578e-01   2.7354760e-01  -1.8769425e-01
   1.8048419e-01   4.1462295e-02   1.4124974e-01
  -7.8791204e-02   9.3167541e-02   2.6401561e-02
  -6.9671470e-01   6.9782732e-02  -2.4273208e-01
  -2.1694420e-01   1.5984138e-01   1.1212299e-01
  -6.9530647e-01   4.0303948e-01  -2.7997492e-01
  -8.9470879e-01   2.4328937e-01  -3.6936091e-01
  -1.6732498e-01   6.9802227e-02   2.8377856e-02
  -4.3671254e-01   1.8085705e-01   9.5957818e-02
   1.9245752e-01   1.7457301e-01   1.8476561e-02
  -4.5668613e-01   2.9440302e-01   1.6051002e-02
   2.1194652e-01   8.1701654e-02   3.2795314e-03
  -2.8606667e-01   1.3504427e-01   8.3111682e-02
  -4.8128516e-01   3.5148863e-01  -1.0010646e-01
   2.1357182e-01   9.5651078e-02  -2.4013778e-02
  -7.5554432e-01   1.2370791e-01  -1.9591527e-01
  -1.2855167e+00   4.3386045e-01  -4.4912092e-01
   1.1997033e-01   2.1215305e-01   2.4753276e-02
  -9.2594881e-01   1.0649324e-01  -3.2884180e-01
  -1.7495985e-01   2.9713567e-01   6.4261145e-02
   1.0131801e-01   2.5053255e-01  -3.6268281e-02
   5.8749923e-02   2.8960501e-01   5.2978076e-03
   3.2295567e-01   3.6094187e-02   2.7342355e-01
  -2.4246949e-03   2.9611904e-02  -5.0386955e-02
  -7.5584113e-03  -2.7093706e-03   7.8442215e-03
   2.4699571e-01   6.2696393e-02   1.9529828e-01
  -9.5775586e-02   2.7608143e-01   4.9169716e-02
   2.9768189e-01   3.6423911e-02  -5.5350720e-02
   3.3369086e-02  -3.6904263e-02  -2.8445874e-02
  -6.7478574e-07   1.3759632e-02   7.9743336e-03
  -1.1293127e+00   3.5795335e-01  -3.8106751e-01
  -2.5645183e-01   2.8535680e-01  -7.4220548e-02
   1.8749296e+00  -4.8597516e-01  -4.1657929e-02
   1.3099770e-01   5.9602256e-02   1.0569476e-02
  -1.1761991e+00   3.2990784e-01  -4.6033094e-01
   6.2804093e-02   3.1939755e-01  -1.4267021e-01
  -2.8604847e-02   2.5497476e-01  -1.3755011e-01
  -1.3535729e+00   2.5553636e-01  -4.8808589e-01
  -3.5992798e-02   1.3298760e-01   8.0847047e-02
  -2.4747904e-03   7.3921190e-02   2.0455883e-02
   5.1564483e-01   1.8226261e-01   1.1748511e-01
  -1.7612364e-01   3.6946917e-01  -1.3721830e-01
  -7.2010751e-02   3.2117000e-01  -2.0205880e-01
   1.0453404e-01   2.7529521e-01  -1.0831827e-01
  -2.2727330e-01   2.1994421e-04  -1.3649817e-01
  -1.3935141e-01  -1.6103874e-02  -2.9700536e-02
  -1.3312179e-01   1.3442231e-02   9.2883938e-02
  -1.7198200e-01   1.5505835e-02  -7.2985651e-02
  -1.4449826e+00   8.5199681e-02  -4.9903087e-01
  -1.1335421e+00  -9.5615692e-02  -3.2011297e-01
   1.1452255e-02   9.9403055e-02   1.9982732e-02
   1.4307523e-01   7.4939746e-02  -5.5220497e-02
  -1.1157029e-01  -2.1206745e-03  -3.8751866e-02
   2.7642778e-01   7.4577457e-02   2.5419364e-01
  -1.4060052e+00   3.2408782e-01  -4.7457774e-01
  -3.9663850e-01   2.0420339e-01  -4.3082587e-02
  -9.7915687e-03   8.8084083e-02   4.5998476e-02
  -1.6094460e-01   4.3715403e-01   9.9253475e-03
  -1.0655792e+00   1.3889560e-01  -4.3090300e-01
  -2.5126876e-03   2.4876032e-01   5.4312854e-02
  -6.1761931e-02   2.4498186e-01   4.6615954e-02
  -3.4969713e-02   2.0335383e-01  -1.4221214e-01
  -2.0896977e-01   2.9005440e-01   1.9174276e-01
  -6.4070218e-02   9.1903057e-04  -8.2574460e-02
  -9.5797531e-02   1.7542557e-01   1.6419144e-01
  -1.6802273e-01   5.3046262e-02  -2.7089816e-02
  -1.4856413e+00  -1.0643320e-01  -2.5581805e-01
  -5.7348867e-02   3.4813084e-02  -1.1466693e-01
  -3.3822916e-01   1.1394099e-01  -4.9597328e-02
   6.4975734e-02   3.3847693e-01  -3.4557968e-02
   1.7138090e+00  -5.5675367e-01  -9.5452073e-02
  -2.2699982e+00   1.3119727e-01  -7.0261533e-01
   1.1477497e-01   2.3825048e-01   3.2722609e-02
   2.6776705e-01  -1.6357652e-01  -1.2430566e-01
   4.0398277e-01   8.7908104e-02   2.8618690e-01
  -4.5271936e-02  -5.1943778e-02   5.4152883e-02
  -2.1548150e-01   3.8819036e-01   2.8226044e-01
   1.2641936e-01  -4.3855820e-02   3.0290133e-02
   1.2777570e-01  -1.3483839e-01  -8.1787804e-02
   6.5129094e-01  -2.5842600e-01   1.1423034e-01
   7.5610140e-02   3.0568557e-01  -8.1319963e-02
  -2.8054633e-01   1.8201489e-01  -2.0937397e-01
  -6.6392602e-01   2.8343727e-01  -2.7809826e-01
  -2.8121317e-01   1.0959320e-01  -5.0730856e-02
   2.2960768e-01   5.0981109e-02  -5.2839190e-02
  -4.4709191e-01   2.8354003e-01  -2.3786315e-01
   8.8076816e-02  -6.1413193e-02   1.4142292e-01
  -1.2771800e+00   2.8642229e-01  -4.2105100e-01
   5.9227467e-02   4.9028549e-01   1.6065144e-01
  -1.7790773e-01   2.6815597e-01  -8.3546706e-02
   2.7582787e-01   1.5046518e-01   1.8619290e-01
  -1.1464480e-01   2.1077181e-01  -7.4134698e-02
  -1.3897487e+00  -3.4750377e-02  -4.2856384e-01
  -3.7159606e-01   7.9874427e-02  -2.2156681e-02
   4.9024633e-02   2.9570621e-03  -2.0099461e-02
  -1.0906778e-01   3.4522781e-02   1.1469180e-02
   1.5565480e-01   1.5290577e-01  -1.4718960e-01
  -8.1503690e-02   9.0611285e-04  -6.7379374e-03
  -7.6250168e-01   1.1827520e-01  -2.7851460e-01
  -2.1427092e-01   1.1122680e-01  -5.2992306e-02
  -9.3220776e-01   4.2462614e-01  -3.5759401e-01
  -7.9666510e-01   2.4844897e-01  -2.5231670e-01
   1.3635786e-01   3.0493763e-01  -5.1507666e-02
  -9.4391166e-01   1.4023690e-01  -2.5403027e-01
  -1.1813824e+00   2.8528238e-01  -3.1082393e-01
  -1.7235861e+00   2.0295566e-01  -4.1026896e-01
  -1.5888938e+00  -2.0760246e-01  -2.2689196e-01
  -1.2403377e+00   2.6214202e-01  -2.4551816e-01
  -1.2076943e-02   2.5143368e-01   9.5883839e-02
  -8.0876885e-01   1.4823383e-01  -6.5021245e-02
  -2.0434828e-02  -2.2044400e-02   5.9224625e-03
  -1.5394256e+00   2.0205178e-02  -3.1545583e-01
  -8.8989746e-01  -5.1080470e-02  -2.9284488e-01
   2.7896045e-01   1.3538506e-01  -2.8245712e-02
  -1.6629520e-01   2.1868980e-01   1.4516415e-03
  -8.8045105e-01   2.5220091e-01  -2.5946152e-01
   2.2874203e-01   1.7570337e-01  -4.3055203e-02
   4.9591821e-02   4.0856263e-02   9.3526031e-02
  -2.5583141e-01   9.6112656e-02  -1.4864121e-03
  -1.2843895e+00   3.6719699e-02  -5.8570025e-01
  -1.2441346e-01   1.6875398e-02  -2.2341758e-02
  -9.1667305e-01   2.0582686e-01  -1.7329538e-01
  -6.9422892e-02   1.4810215e-01  -9.2925256e-02
  -1.0992232e-01   2.2953971e-01   1.0014684e-01
   7.8442408e-02   2.4175432e-01  -5.1160148e-02
   2.1255906e-01   2.5334399e-03  -1.0315247e-01
  -2.4028266e-01   1.8398672e-01   9.0081725e-02
  -1.4350271e+00  -1.1438888e-01  -5.0006336e-01
   1.5046913e-02   1.0186683e-02  -2.7313533e-02
   1.0573798e-01  -7.4598769e-04   2.1869394e-02
   2.6082479e-01   1.2089291e-02   7.3822098e-02
  -6.6612792e-02   1.1339916e-01  -7.3875768e-02
  -5.7964288e-02   5.0295230e-02   2.8101576e-02
  -6.1322310e-02   6.5916076e-02   3.9605900e-02
  -2.1678805e-01   9.7573339e-02  -5.7522484e-02
  -8.9870141e-01   1.6935785e-01  -4.6111906e-01
   2.6371159e-01   1.4194897e-01   3.3143010e-01
  -1.1865746e+00   7.0615256e-02  -2.3317322e-01
  -6.2854175e-01   3.2136410e-01  -1.4567136e-01
  -2.0088789e-01   1.4223124e-01   1.6551104e-02
  -5.1603990e-02   7.4698252e-03   7.2560804e-02
  -1.9155364e-01   3.8667161e-02  -6.3737607e-02
   4.3945958e-01   6.4748672e-02   2.5523936e-01
  -2.1171420e-01  -3.6649718e-02   1.1925365e-01
  -9.6573414e-02   2.7026684e-01   1.0167636e-03
  -1.1296652e+00   1.3928305e-01  -6.5078801e-01
   4.4311311e-02   2.7716021e-01  -1.0790761e-01
  -1.9829449e-01  -1.6889873e-01  -1.9349014e-01
  -4.7134690e-01   7.1877553e-02  -8.1783346e-02
  -1.4904760e-01   2.4121512e-01  -1.0505588e-01
  -1.6789925e-02   4.1614090e-01  -3.0926418e-02
   2.4933177e-01   2.5789371e-01   3.1557761e-02
   5.4070831e-01  -4.6760501e-03   3.3464546e-01
   2.7134661e-02   1.3428003e-01   1.4670571e-01
  -1.2522496e-01   7.1154161e-02   1.7596369e-02
   3.1906655e-01  -2.5764129e-02  -3.9872168e-02
  -7.7500296e-01   1.8255973e-01  -2.5659289e-01
  -1.0522479e+00   5.1147485e-01  -1.6353451e-01
  -2.3499681e-01   1.1545310e-01  -3.1967004e-02
   1.0960955e-01   2.5324745e-01   6.5505037e-03
   5.2254543e-02   2.7676685e-01  -7.4610014e-02
  -1.6778226e-01   1.0412190e-01   4.5576668e-02
  -7.8232677e-01  -7.0617519e-02  -3.1221803e-01
  -1.4889304e-02   1.6639728e-01   7.1873076e-02
  -2.1947097e-01   1.7030552e-01   8.1021047e-02
  -5.1111034e-01  -8.6503554e-02  -1.2811997e-01
  -5.4239861e-01   3.4103760e-01  -2.1215745e-01
   2.5782518e-01   1.7602587e-02  -3.7601550e-02
  -3.1616971e-01   5.4101570e-02  -1.1441645e-01
  -2.0005793e-02   1.2407459e-01  -8.4157879e-02
  -1.0597231e+00  -8.3296246e-02  -3.1978184e-01
  -1.5798754e+00   3.2852714e-01  -5.0880690e-01
   3.5648706e-01  -9.5330585e-03  -8.0164522e-02
  -4.8281386e-02  -1.0205984e-01  -5.5228743e-02
   2.9842072e-01   2.9697133e-02  -7.3441936e-02
  -3.5296375e-01   2.4439773e-01  -1.1270487e-02
  -1.4545515e+00  -9.5289887e-04  -5.2984541e-01
  -6.1874998e-01   8.0837035e-02  -1.9593034e-01
  -3.6112239e-02   2.1918431e-01   2.1475896e-01
   4.7284359e-01   1.5034673e-01   1.9229908e-01
  -1.4525506e-01   3.2837853e-01  -2.0620880e-01
  -2.0353023e-01   1.8566436e-01  -1.6028763e-01
   2.6879184e-02   2.2085674e-01  -1.6938208e-01
   4.1702083e-01   1.1158860e-01   7.8278064e-02
   1.4195902e-01   1.1310464e-01   1.4983671e-01
  -9.9398808e-01   3.3496389e-01  -3.8767293e-01
  -7.7359274e-01   2.6106301e-01  -1.8187820e-01
  -5.7276603e-01  -3.7355422e-02  -2.9672407e-01
  -2.5009828e-01   2.6351270e-01  -1.3249947e-01
  -1.0800337e+00  -1.7902116e-02  -3.4807972e-01
  -5.4299293e-01   3.2531493e-01  -2.2295744e-01
   1.0156045e-01   4.8996181e-02  -1.3350061e-02
  -8.1738434e-01   3.2445483e-01  -2.7808648e-01
  -2.8546848e-01  -1.9731563e-02   6.6925220e-02
  -3.4909489e-01   1.9950889e-01  -6.0127193e-03
  -9.5234743e-01   5.5873200e-02  -2.0547786e-01
  -1.1919887e+00   1.1741911e-01  -5.0267125e-01
  -2.5799910e-01   2.1096273e-01   1.4844358e-02
  -1.2266855e-01   1.3375690e-02   4.6714096e-03
  -1.8336924e-01   2.7080439e-01  -6.6425129e-02
  -1.3360615e-01   1.1594842e-01   3.8165917e-02
  -2.7430358e-01   1.0800311e-01   8.6749784e-02
  -2.0021674e-01   2.3407071e-01   6.5230009e-02
  -7.8258809e-02   2.3639346e-01  -2.9500067e-02
  -1.0536750e-01   2.5481976e-02  -1.1739830e-02
  -1.8963878e+00  -1.9688989e-01  -2.6199907e-01
  -1.0668780e+00   2.2032985e-01  -3.6078508e-01
   3.1415056e-02  -4.0908315e-02  -1.0066886e-01
   1.9242143e-02   2.2352026e-01   1.0025991e-01
  -1.7368484e+00   2.5941818e-02  -4.3941839e-01
   2.4823174e-01   1.7158253e-01   1.3200707e-01
  -2.3370903e-01   1.9227379e-01  -4.5593056e-02
  -5.8111650e-01   1.5604159e-01  -9.0935391e-02
  -2.0274019e-01   1.6890297e-01   1.5653174e-01
   5.8373518e-02   3.3379188e-01  -5.8115985e-02
  -1.6307419e-01   1.9473955e-01  -1.6316039e-01
  -4.7781368e-02   2.5733668e-01  -1.1905063e-01
  -1.5890557e-01   8.7510639e-02  -1.4938585e-02
  -2.3169592e-03   1.0533141e-03  -1.3180614e-02
   2.2483417e-01   8.6840709e-02   1.8030471e-01
   3.4226965e-01   3.3947473e-02  -4.6097076e-02
  -4.4781588e-01   3.6866544e-01  -1.0268532e-01
   2.2556323e-01  -1.0899856e-02  -1.3601751e-01
   3.6602434e-01   3.6015772e-01   1.0382440e-01
  -5.5764804e-04   2.6030310e-01   1.0667493e-01
  -1.2747133e-01   1.8647527e-01   5.7705066e-02
  -1.0150950e-01   5.6383459e-02   4.4028542e-03
   1.5097518e-01   8.9629071e-02   1.4075506e-01
  -9.4620466e-01   4.9469446e-01  -2.5447667e-01
   1.3772486e-01   1.2701870e-01   9.3921943e-02
  -4.7531862e-02   2.0380617e-01   4.1072463e-02
   6.1869968e-02   3.6906531e-01   2.6436488e-01
  -3.4798996e-02   1.2258680e-01  -8.7386113e-02
   2.5254667e-01   1.2623446e-02  -2.3061323e-02
   3.6746989e-01  -1.3144283e-01   3.5522367e-02
  -1.7774065e-01   3.0262854e-01  -1.7291882e-01
   2.6346668e-02   6.0171866e-02  -2.1195455e-01
  -1.6741526e-01   3.5813175e-01   2.2033428e-02
  -9.8211653e-01   3.1394674e-01  -3.8817782e-01
   4.2823387e-01   3.8418714e-03  -2.4932320e-02
  -1.3037894e-01   2.5334966e-01   6.9845609e-02
  -8.7867418e-01   1.7920790e-01  -1.8443669e-01
  -2.8260114e-01   2.4657892e-01   1.2751762e-02
  -1.6154809e+00   2.6524457e-01  -4.1876295e-01
  -1.2262885e-01   1.0475367e-01   4.6455753e-02
  -1.8356564e-01   1.7357930e-01   6.0152724e-02
  -1.2521869e+00  -7.2537742e-02  -5.2077873e-01
  -1.0799948e+00   7.6863768e-02  -3.0988931e-01
  -1.2808405e+00   2.5083330e-01  -5.0924827e-01
   5.6106110e-02   5.8672624e-02  -8.7810953e-02
   9.2972407e-03   1.4309858e-01   1.3695920e-01
   4.2643413e-01   4.5719227e-02   3.4013149e-01
   2.4853525e-01   3.9164961e-01   2.0645643e-01
  -5.1952781e-01   1.8569730e-01  -1.0723176e-01
  -1.5623220e+00  -3.7593926e-02  -4.2479936e-01
  -2.2023683e-02   2.6037361e-01   8.1238089e-02
  -3.1529715e-02   5.8945043e-03  -2.8379608e-02
  -3.5591475e-02   2.1293162e-01   1.0411190e-01
   4.6482431e-02   6.8372155e-02  -7.5581653e-02
   3.7095204e-02   9.9522112e-02   8.0656515e-02
  -2.2935587e-01   1.6172319e-01   9.9989411e-02
   4.3471489e-01   1.4085722e-01   2.9930746e-01
   3.8892869e-02   3.3831049e-01  -5.7572039e-02
   3.6728512e-01   1.9180220e-01   9.5822978e-02
  -7.7997451e-01   2.6251994e-01  -3.4764282e-01
   5.6548408e-01   1.4026430e-01   3.3055679e-01
  -1.1415360e+00   3.6834465e-01  -2.9909375e-01
  -4.6915024e-01   4.0338125e-01  -2.0946826e-01
  -9.1033932e-01  -1.0955074e-01  -3.1009473e-01
  -3.7191178e-01   5.4892741e-02  -8.2816132e-02
  -1.2782547e+00   1.5023977e-01  -2.1465546e-01
  -3.3777337e-01   2.4280359e-01  -8.2213530e-03
  -1.2709225e+00   2.7485581e-01  -3.7892468e-01
   5.3498070e-03   2.6736792e-01  -7.1473805e-02
  -6.2762609e-01  -4.1625266e-03  -1.7443532e-01
   7.6764460e-02  -1.0119927e-03   2.9569012e-03
  -1.1604571e-01   1.7325290e-01  -1.2724076e-01
  -9.5869377e-02  -7.4975073e-02  -1.0460552e-01
  -1.5090686e+00  -1.5322566e-03  -4.4976132e-01
  -7.0818233e-01   2.2890303e-01  -2.1923303e-01
  -1.7155667e-01   2.6085097e-01  -9.2770121e-02
   8.0705919e-02   3.5396293e-02   1.0532407e-03
  -3.8294076e-01   2.9957536e-01  -1.7962661e-01
  -4.9148428e-02   4.2989477e-02   7.1984273e-03
  -2.8556793e-01   1.0632443e-01  -5.1319754e-02
  -9.8747330e-01   1.8269045e-01  -2.1910469e-01
   1.5452577e-01   3.0300536e-01   7.6747059e-02
  -2.0511328e-01   2.1934415e-01   6.8013787e-02
  -1.6372046e+00   2.1810031e-01  -4.6607786e-01
   5.7463628e-02  -6.4544503e-02   1.0770471e-02
   1.5079071e-01   3.3129209e-02  -1.5819725e-01
  -9.3620770e-03   2.8380432e-01   5.5862852e-02
  -5.3074995e-01   2.6759989e-01  -2.6160365e-01
  -2.4808326e-01   1.3093139e-01  -3.7245172e-03
  -3.0734553e-01   2.2316923e-01   5.3201229e-02
  -1.3230198e+00   2.4569850e-01  -4.0765187e-01
  -2.4178906e-01   1.0457916e-01  -3.2274081e-02
   1.1972477e-01   2.4644135e-01   1.6742760e-01
  -3.7987588e-02   2.0078877e-01   1.0974304e-01
  -1.1898221e-01   2.1730610e-01  -1.1422265e-01
   1.1863724e-01   1.6931947e-02   8.8520256e-02
   3.3144979e-01   5.1075256e-02  -7.6926741e-02
   3.7886879e-01   3.6225544e-02   1.4169145e-01
  -6.6208099e-01   2.3218290e-01  -1.0602299e-01
   2.2870709e-01   1.1549497e-02   1.5763320e-01
   2.7632733e-01  -4.0354920e-02  -4.9227594e-02
  -6.3310250e-01   3.0718071e-01  -1.2057276e-01
  -4.5671135e-01   3.8408227e-01  -1.2500376e-02
   3.3190965e-01   3.6923604e-02  -3.5313111e-02
  -1.7372307e+00  -2.0536948e-01  -3.1665246e-01
  -8.6047503e-01   2.1438462e-01  -3.3074048e-01
  -1.6648152e+00   2.6136921e-02  -4.5600209e-01
   4.3125343e-03   4.2794852e-02  -1.5673431e-02
  -2.0768002e-01   3.0736338e-01  -5.3323818e-02
  -1.2432461e-01   2.2243364e-01   1.4128683e-01
   9.7482878e-02   3.7588511e-02  -4.1930399e-03
   2.4270754e-02   3.2246335e-01  -4.1087089e-02
   9.6212652e-02   2.7165791e-01   4.4764894e-01
   1.6030421e-02   7.5772761e-02  -1.2508355e-02
  -1.0041391e-01   3.3340721e-01   2.7117561e-01
   6.7110864e-02  -4.2208943e-02  -1.0038248e-02
   5.5860669e-01   1.0941310e-02   3.6101777e-01
  -1.5070394e+00  -4.8274104e-02  -3.8962955e-01
  -1.4661073e+00   3.5282136e-02  -5.4514040e-01
  -2.9398844e-01   1.2947182e-01  -9.4429748e-02
   2.8385204e-01   1.4753142e-02   1.6748405e-01
  -6.5290287e-01   2.3552987e-01  -2.0611590e-01
  -1.7914719e+00   3.1798482e-01  -5.6579807e-01
  -1.3707854e+00   7.3591699e-02  -4.1057675e-01
  -7.9182485e-01   3.0994968e-01  -2.5663301e-01
  -1.3647178e-01   5.8190562e-02   6.3900889e-03
   3.4768371e-01   8.9282913e-02   1.6538807e-01
   6.9399547e-02   3.3074376e-01  -3.5364942e-02
   6.4522709e-02   1.3544826e-01   1.6106623e-02
   7.5809064e-01   2.6365138e-01   1.3459068e-01
  -3.6249388e-01   1.1409615e-01  -1.1482620e-01
  -1.5598321e-01   1.0068274e-01  -3.8831000e-02
  -7.5926211e-01   3.1190227e-01  -3.6572161e-01
  -2.2602015e-01   9.8603976e-02   7.5419221e-02
  -9.5847242e-02   3.9732654e-02   4.5311418e-02
   4.0388571e-01  -1.3315703e-02  -1.1168855e-01
  -1.5835718e+00   1.7437767e-01  -5.4107974e-01
  -7.2289806e-01   4.3179811e-01  -1.4662200e-01
  -1.5642147e+00   1.0904581e-01  -5.1183415e-01
   3.2376283e-02  -1.1576561e-02  -1.0345148e-03
   2.4907688e-01   1.7864156e-01   3.0244627e-02
  -8.1654255e-01   2.9568696e-01  -2.2038444e-01
  -4.8647268e-01   1.1579131e-01  -1.8103690e-01
   1.8336422e-01   1.7558517e-01   6.6989529e-02
  -5.2405428e-02   2.6654999e-01  -5.3822794e-02
  -3.8739101e-02   2.0027763e-01   7.3232744e-02
   1.6604007e-01   1.2192976e-01   1.0202415e-01
   2.5703298e-03   2.4576833e-01   1.8836163e-02
  -1.5193114e-01   6.1086497e-02   2.5200071e-02
  -1.9884048e+00   6.4561947e-02  -4.3855550e-01
   9.8925039e-02  -7.4694713e-03   7.1906847e-02
   8.3707093e-02   1.2698306e-01   7.0190173e-02
  -6.9825207e-01   2.0371948e-02  -1.1369689e-01
   3.8082503e-02   2.0316586e-01   9.8578090e-02
   1.5228206e-01   5.9638198e-02   1.5016056e-01
   1.9259373e-01   2.8750847e-01   5.8362697e-02
  -3.5581954e-01   2.5675997e-01  -1.2880675e-01
  -7.8737736e-01   1.7744430e-01  -1.6847735e-01
   5.3657256e-01   2.0976966e-02   2.8198118e-01
  -7.4793672e-02  -4.8462477e-02  -6.6630219e-02
   8.8409010e-02   2.7467067e-01   1.6761510e-01
  -1.9548533e-01   3.5964617e-01   4.9398311e-01
   1.8004666e-01  -2.2128299e-02  -1.3012646e-01
   8.7717920e-02   8.1420000e-02   9.6910726e-02
  -3.9556484e-02   1.4253957e-01  -1.4259746e-02
   5.0492505e-03   1.7870678e-01  -9.9631446e-03
   9.9507281e-01  -2.4201722e-01  -6.8758981e-03
  -5.3003604e-01   4.5023911e-01  -1.3626808e-01
   6.4261834e-02   8.6795836e-02   4.0799815e-02
   3.8304956e-01   7.3360817e-02   3.1324759e-01
   8.5419115e-02   2.6728888e-01  -7.5521055e-02
  -1.3647026e-01   3.1462357e-01   1.6983997e-01
  -8.7300991e-01   1.7630682e-01  -1.9737381e-01
  -3.3716714e-01   5.4553690e-01  -2.3770645e-01
  -2.8150322e-01   2.6519232e-01  -1.4873632e-01
  -4.1965498e-01   2.1356221e-01  -9.3231773e-02
   2.0397584e-03   2.5055394e-01  -2.0905329e-02
  -9.8126429e-01   1.6684913e-01  -1.5873898e-01
   3.5399203e-02   2.9163643e-01  -2.2318558e-02
  -1.6635891e-02   8.3520569e-03   5.9380550e-02
   1.7824374e-01   2.3232434e-01   1.4620181e-02
   4.3980541e-01  -1.0847618e-02   3.5161784e-02
  -1.7817129e-02   2.4507498e-01   1.0708638e-01
  -3.7084031e-01   3.7514642e-01  -2.0901733e-01
   8.3552809e-02   3.2498395e-01   5.3681585e-02
  -1.4027239e+00  -4.5158749e-03  -4.3849607e-01
  -7.2288917e-01   3.6367297e-01  -3.2167270e-01
   7.9811748e-02  -4.6053795e-02  -3.0906890e-03
  -5.7610575e-01   5.5567513e-02  -1.7072525e-01
  -2.6444134e-03   3.1801023e-01  -5.8627822e-02
   1.1909369e-01  -6.8984700e-02  -1.8380976e-02
   1.2569948e-03   2.5217087e-01   1.1478817e-01
  -5.4548264e-01   2.5111963e-01  -2.4796769e-01
  -4.9835222e-01   2.2648984e-01  -4.2247332e-02
  -7.4272819e-02   2.3789885e-01   1.2552089e-01
  -2.2491809e-03  -1.1959705e-01  -1.2246396e-01
  -1.4843186e+00   2.3812719e-01  -5.4029815e-01
  -4.0351241e-01   1.7015365e-02  -2.4898573e-01
   1.4043809e-01   1.4728700e-01   1.0882319e-01
  -1.7300800e+00   1.6433921e-01  -3.8327632e-01
  -1.7691215e+00  -1.5560624e-01  -2.6336315e-01
  -1.6949149e+00  -2.5491673e-02  -4.4704393e-01
   2.5871871e-03   1.8278465e-01  -1.1644540e-01
  -6.2719969e-01   2.2012698e-01  -1.0118886e-01
  -1.5373080e-01   6.0958497e-02   1.0613614e-02
   4.8140202e-01   7.0347879e-02   4.1048318e-01
  -2.9765093e-02   3.2910593e-01   1.0498362e-01
  -3.1926050e-01   3.8496146e-01   5.4004939e-03
  -7.4174365e-02   2.4592070e-01   1.1780562e-01
   1.1713008e-01   2.5152899e-01   1.0915205e-01
  -4.7118337e-04  -7.4497009e-02  -7.0790023e-02
  -7.3539607e-01   4.8629046e-01  -1.8029311e-01
  -8.5036307e-01   2.4642510e-01  -2.8047940e-01
  -6.8807522e-02   3.8962984e-02  -1.6679016e-03
   2.7307830e-02   1.4182693e-01   1.8200407e-01
  -1.8421443e+00   2.6127232e-01  -5.8562715e-01
  -1.2867760e+00   1.7208824e-01  -4.2558893e-01
  -6.4175295e-02   1.8467295e-02  -7.8854974e-02
   5.0172252e-01   7.6365617e-02   3.1929984e-01
  -1.7343203e-01   4.7959766e-02   1.0467231e-01
   1.2873412e-01  -4.4500756e-02  -3.4625079e-03
   5.1898404e-02   3.0232555e-01  -5.3423070e-02
  -1.5780671e-01  -2.1435255e-01  -1.0479941e-01
   4.0343410e-02   2.2267147e-01  -1.3738683e-01
   6.6315628e-02   2.3268764e-01   9.9244739e-02
  -5.3294020e-01   3.1263420e-01  -2.3667654e-01
  -4.9984440e-02   5.1795327e-02   3.0493833e-02
   3.4762365e-01   1.8291284e-01   3.2201898e-01
   1.5187227e-03  -5.5558023e-03   1.3232929e-02
  -9.0753607e-01  -2.7462731e-02  -3.8341184e-01
   4.1188205e-02   2.6180950e-01   1.0180345e-01
   3.2093423e-01   9.1993132e-02   2.5204791e-01
   2.1167825e-01   4.9357770e-02   6.2306718e-02
  -3.4566865e-01   3.3833747e-01  -1.6534158e-02
  -2.1230556e-01   6.4232024e-02  -3.6520304e-02
  -8.0581375e-01   2.9656008e-01  -3.1014932e-01
  -1.4843521e+00   2.4196938e-01  -4.0357710e-01
  -4.0133893e-01   1.9628010e-01  -3.8677252e-02
  -2.2666000e-01   3.1032439e-01  -3.8531638e-02
  -1.1970690e-01   2.9947063e-02  -4.7809827e-04
  -1.1547642e-01   1.1782580e-01   2.9321459e-02
   3.2925981e-01   1.4200420e-01   1.8836391e-01
  -5.6156976e-01   2.0564577e-01  -1.5179165e-01
  -6.7265493e-01   3.9530146e-01  -2.1541730e-01
  -1.1705242e+00   1.0343614e-01  -3.3290137e-01
   4.8238616e-02   2.7654645e-01  -4.6381300e-02
   2.8682668e-01   1.8752102e-01   1.8916591e-01
  -1.1850517e-01   2.0103090e-01  -8.3379258e-03
  -2.3361022e-01   2.1525509e-01   1.0845110e-01
  -9.4568366e-02   5.2381607e-02  -1.3218690e-02
  -5.2407844e-01   1.0706804e-01  -1.4505577e-01
  -5.2168358e-01   3.0298216e-01  -9.0289468e-02
   3.6049636e-02   3.5046062e-01   1.0920296e-01
  -7.2454648e-01   3.1127040e-01  -3.6337466e-01
   1.3490146e-01   8.5368673e-02   2.6881289e-03
  -1.1913910e+00   2.4944318e-01  -3.0373586e-01
  -1.4088377e+00  -3.2594340e-04  -3.8193372e-01
  -8.7630363e-01   3.8845891e-02  -1.8995912e-01
  -9.1318433e-01   1.7198646e-01  -2.4489072e-01
  -2.8050870e-01   1.6796374e-01  -1.3598362e-01
  -1.1810837e-01   1.3497798e-01   4.4918549e-02
  -5.3818944e-01   5.2839873e-01  -3.2280758e-01
  -3.2073738e-01   2.8515124e-01  -1.3401273e-01
  -5.4194497e-02   2.7006566e-01   2.1751406e-01
  -2.9486260e-01   1.1589756e-01   4.3900739e-02
   3.3117292e-01   7.7144512e-02  -2.9149857e-02
   1.1022211e+00  -2.1750900e-01   2.0056326e-01
  -1.6408843e-01   4.8899206e-02  -2.4681599e-02
  -9.6979464e-02   1.9844441e-01  -1.1608465e-01
   2.7893880e-02   8.4964665e-02  -5.7658333e-04
   1.9643747e-01   9.6385721e-02   1.0287439e-02
  -1.0779211e-01   9.0673667e-03  -4.8633973e-02
  -3.8762255e-02  -2.4801575e-03   5.6984731e-03
   1.1108378e-01   2.0859355e-01   1.7889840e-01
  -9.6345653e-03   2.2598091e-02   8.6341559e-03
  -1.0989529e-01   2.2446134e-02   1.0645450e-01
  -5.7731590e-03   2.5314185e-01   3.2286334e-02
   4.2824108e-01   2.7208753e-01   1.6975166e-01
  -3.8399158e-01   1.8602107e-01  -2.6102246e-01
  -2.3863197e-01   2.2221157e-01   1.5573380e-02
   3.9372050e-01   4.3782472e-02  -1.3045737e-02
   3.3953709e-01   1.4365673e-01   1.3512099e-01
   4.9083243e-01   7.0215869e-02   3.1527970e-02
  -2.1373368e-01   1.9007465e-01   1.2294615e-01
  -5.8069243e-03   2.0287533e-01   1.1613826e-01
   3.2356564e-01   4.2212537e-02   2.5100490e-01
  -7.8462974e-01   3.2355859e-01  -1.6256812e-01
  -4.5233161e-02   2.2171440e-01  -1.5087321e-02
  -4.9988528e-02   1.8911999e-01   1.4693712e-01
   1.3879455e-01   4.4735237e-01  -4.3943012e-02
  -1.0619480e+00   3.2682707e-01  -3.2002637e-01
  -7.0887788e-01   8.3722030e-02  -2.5424860e-01
  -1.4811762e-01  -8.8598135e-03   7.5198072e-02
   4.0589600e-01   5.0811656e-02   2.3797505e-01
   2.7111241e-02  -4.4308730e-02  -6.1217705e-02
   1.1038528e-01   2.6167209e-01  -8.0804863e-02
   4.8533691e-01   8.9345356e-02   4.0008269e-01
  -1.7635154e-01   8.6872661e-03  -9.4189899e-02
   1.2494774e-02  -3.3626340e-02   1.7646722e-01
   1.9076180e-01   7.0084208e-02   2.2402626e-01
  -1.2398319e-01   3.4029416e-01  -1.1454062e-01
  -7.3241159e-02   3.1306424e-01  -1.0994128e-01
  -5.3222146e-02   1.2922256e-01   1.0890703e-01
  -2.0259184e-01   1.1568252e-01   6.6694223e-02
  -1.1909790e+00   1.4249218e-02  -4.0384892e-01
   1.9515963e-01   1.4583007e-01  -6.3541385e-02
   5.4167346e-02  -7.5939570e-03   1.6640841e-02
   1.9378420e-02   1.6136832e-01  -6.0231395e-03
   4.5206173e-01   7.5939962e-02   4.0854477e-01
   3.0517019e-02   1.3195306e-01  -8.2768146e-02
   4.1346320e-01  -3.1091111e-03  -6.4028177e-02
   1.4800540e-01   2.5388474e-01  -8.2412567e-02
  -2.1513769e-01   7.2358378e-02   3.3797430e-02
   1.3484190e-02   3.5727164e-02   1.7954915e-02
  -1.1008182e-01   6.1695443e-02   1.1195157e-01
  -1.5224135e-01   1.8721068e-01   1.1881243e-01
   4.0262411e-01   1.7391062e-02   2.7586002e-01
   3.0603027e-01   7.6111894e-02  -1.0599303e-01
  -5.1529441e-01   2.1487673e-01  -3.2721407e-01
  -5.2848120e-01   1.1982420e-01  -2.0883256e-01
  -6.6957724e-02   2.6182259e-02  -2.1157182e-02
   1.4560284e-01   2.8890866e-01   9.3523035e-02
  -7.0751353e-01   2.2899242e-01  -1.5511045e-01
  -7.5953262e-02   1.5250481e-01  -9.2122122e-03
  -7.8720010e-01   2.9251920e-01  -2.4831854e-01
  -1.7254230e-02   2.4673842e-01   1.0870751e-01
  -1.1934815e-01   3.0850017e-01  -2.9625628e-02
  -1.5187604e-01   4.2208563e-01  -1.4469715e-01
  -3.7519711e-02   4.6834531e-01   4.2359912e-01
  -1.1649206e+00   3.8575900e-01  -2.5739959e-01
   6.5784982e-02   2.5136191e-01  -2.5189104e-02
  -1.9707850e-01   1.5526383e-01   4.2648129e-02
   3.6813581e-01   1.3045384e-02   3.4487149e-02
   4.1890545e-01   5.3688559e-02  -5.0663993e-02
  -8.3863243e-01   2.9459139e-01  -3.1762085e-01
  -1.6404718e-02   1.5441487e-01  -1.0407172e-01
  -8.9256135e-01   2.8666406e-01  -2.5602752e-01
  -2.1701398e-01   2.1797333e-01   6.4527029e-03
  -8.9696601e-01   8.1236450e-02  -2.7705352e-01
   1.2454802e-01  -3.4168093e-02  -1.2595540e-01
  -5.4777476e-01   2.7262573e-01  -1.6695713e-01
  -6.6420424e-01   6.1191729e-01  -1.1995347e-02
   1.2025473e-01   3.0442170e-02   1.9121566e-02
   3.0909771e-01   7.6896463e-02   2.1993458e-01
  -2.0806737e-01   4.1812613e-01   1.1320013e-01
  -6.5534747e-01   1.6364257e-01  -2.6259387e-01
   1.2434631e-01   2.3875357e-01   3.5964932e-02
  -3.3337861e-01   1.3655130e-01  -6.0433232e-02
  -1.1046891e+00   1.6502826e-01  -2.7605084e-01
  -9.1992846e-01   4.5128633e-01  -2.6483474e-01
  -1.1666675e-01   2.4075800e-01   7.5635560e-02
  -6.7963144e-01   9.1318378e-02  -2.6264122e-01
  -2.7226899e-01   2.4562693e-01   4.9831168e-03
   4.8828134e-02   2.1303563e-01   3.7163691e-02
  -3.3069191e-01   3.1679546e-01  -1.5556127e-01
   4.6077817e-02   3.1035134e-01   1.0469171e-01
  -1.6729207e-02   2.8159296e-01  -8.5147673e-02
   1.8031974e-01  -2.8291287e-02  -3.6876285e-02
  -3.7750673e-01   1.2296035e-01  -1.0991500e-01
   4.6979325e-01   9.0953600e-02   2.4449202e-01
  -1.4349320e-01   5.2488433e-02   1.1955027e-01
  -1.4572496e-01   3.1823612e-01  -8.7077911e-02
  -5.9771686e-01   3.9649706e-01  -1.6845544e-01
  -4.7188145e-01   2.1806107e-01  -3.1028257e-02
  -3.8135035e-01   2.2865955e-01  -1.3313571e-01
   2.4255289e-01   1.8894563e-01   1.9962817e-01
   1.1924603e-02   5.9585595e-02  -6.3942177e-03
   1.7118692e-01   5.9231526e-02   1.7078644e-01
   1.9172710e-01   5.5734436e-02  -2.2809872e-02
  -2.7504904e-01   2.6587847e-01  -7.6287920e-02
   5.5789138e-02   1.6129768e-01  -3.7658798e-02
  -1.0489848e-01   4.1996689e-01  -4.0599799e-02
  -4.0901331e-02   2.2867279e-01   3.1034113e-02
  -5.2601959e-02   3.2617308e-01  -6.3589029e-02
   4.9631910e-01   1.3602523e-01   2.0824822e-01
  -3.6739807e-03   2.4114656e-01  -6.0040506e-02
  -6.9675001e-01   1.6548054e-01  -1.9913461e-01
  -1.4651109e+00   3.4270299e-01  -4.8078161e-01
  -3.1508286e-01   8.5376049e-02  -2.0448534e-03
   1.0481143e-01   3.0192382e-01  -4.4735548e-02
  -1.7445951e-01   3.3718074e-01  -1.2403773e-02
   4.7444292e-02   1.9231866e-01  -9.2668805e-02
  -1.4152947e-01   1.8512535e-01   1.4340286e-01
  -6.9215070e-01   1.2328586e-01  -2.3483825e-01
  -1.1620834e+00   3.1728772e-01  -3.0332228e-01
  -1.1114119e+00   2.3183951e-01  -3.0791373e-01
   2.7680954e-02   3.7107250e-02   7.2051174e-02
  -7.1184207e-02   8.0090227e-02   9.6774887e-02
  -3.7127645e-01   9.7484246e-02  -8.5524364e-02
  -2.7205415e-01   6.7602434e-02  -9.2025052e-02
  -1.8985626e-01   2.1911043e-02  -5.9293018e-02
  -1.0311411e+00  -9.7552753e-03  -5.1272077e-01
  -1.2050544e-01  -2.2016909e-02  -8.0656571e-02
  -1.7806744e-03   1.0566309e-02   5.5145548e-02
  -1.6941148e-01   3.1219191e-03  -3.7527788e-02
  -2.9552885e-02   4.5645727e-03  -2.4228694e-02
  -2.8211568e-01   3.7324343e-01  -8.7845873e-02
   1.9514336e-01   1.4509730e-01   1.5599675e-01
   3.0221779e-01   3.7908831e-01   1.1076385e-01
  -4.0708760e-01   3.2892858e-01  -1.5710642e-01
   9.4596286e-02   3.5183808e-01  -8.9406967e-02
  -1.0654237e+00   1.6932991e-01  -3.0189898e-01
   1.1144655e-01   2.1067341e-01   1.4058096e-01
   5.4758681e-01   4.4512177e-03   3.7238104e-01
  -2.0310833e-01   2.2576335e-01  -8.7339800e-02
  -1.7995722e-01   7.2428623e-02  -3.0985837e-03
   1.9715418e-01   2.6033071e-01   6.7483256e-02
  -9.1929431e-01   3.4855045e-01  -2.3195268e-01
  -1.4334152e+00   3.8384104e-01  -3.9577667e-01
  -1.6586257e+00   3.0341135e-01  -4.7819916e-01
   3.8547160e-02   2.7580715e-01  -7.0240544e-02
   2.8565890e-02  -1.6007900e-02   3.2101119e-03
  -1.3672494e-02   3.7302780e-02  -7.9341370e-02
  -2.7214655e-01   2.8231433e-01   6.5939511e-02
   5.2734543e-01   2.8144679e-02   3.1378129e-01
  -4.3448886e-02   1.5009535e-01  -6.0400171e-02
  -6.8525439e-01   4.5705072e-01  -1.6474025e-01
   2.3422520e-01   2.5572814e-02  -2.8986333e-02
  -1.3465211e-01   1.8355330e-02   6.5551056e-02
  -2.2486926e-01   1.6964084e-01   6.3436687e-02
  -5.6766011e-01   2.1773473e-01  -8.1745990e-03
   2.7807688e-01   2.1450059e-01   1.6974188e-01
  -4.6215544e-01   1.6325386e-01  -9.5857346e-02
  -8.4682607e-01   1.7549364e-01  -1.3726987e-01
  -2.2269288e-01   1.6662009e-01  -2.5810785e-02
  -1.9001927e-02  -3.7805393e-02  -1.3010698e-02
   3.1699445e-01   2.0718316e-01   2.1662617e-01
   6.0671002e-02   2.7309246e-02  -5.2206099e-02
   3.9522391e-01  -6.1104548e-04   2.7450779e-01
  -3.3442589e-02   2.2300564e-01   7.4595832e-02
   2.7296595e-02   1.6143662e-01  -1.1653398e-02
   1.0624511e-02   3.0851102e-01   7.3161384e-02
  -1.3513785e-01   3.6567287e-01  -9.0808225e-02
  -4.6203333e-01   2.3535188e-01  -4.1567512e-02
  -1.1330973e+00   2.5060381e-01  -3.2320647e-01
  -9.2497839e-01   3.0515806e-01  -2.4273840e-01
  -9.9689487e-01   3.5733423e-01  -3.7442654e-01
  -6.4001228e-02   1.2042634e-01   2.7541008e-02
   1.2532720e+00  -3.7179722e-01   1.4029059e-01
  -2.4629538e-01   2.5206670e-01   1.3025207e-01
  -3.1798558e-01   1.7627645e-01  -2.7006790e-01
  -1.1663324e-01   1.8016676e-01   3.7975610e-02
   1.8961608e-01   1.2598878e-01   5.9336723e-02
  -6.0205918e-01   3.5429443e-01  -1.4546878e-01
  -9.2837331e-01   2.3325716e-01  -2.5079775e-01
  -1.2889489e+00   3.7485065e-01  -3.4305943e-01
  -1.4344816e-02   1.0451780e-01   8.1746576e-02
   2.4693712e-01   1.4997578e-01  -7.4215674e-02
  -4.4058079e-01   3.7244793e-01  -2.6205568e-01
  -8.2214183e-02   3.2662200e-01   1.2259768e-01
   3.0731446e-01   1.1172556e-01   2.3027653e-01
   1.3760111e-01   3.0791861e-02   1.4273308e-01
  -2.3742329e-01   2.2629960e-01  -2.4652071e-02
  -6.6030863e-01   1.0110261e-01  -1.4226611e-01
  -5.7340419e-01   4.1517196e-01  -1.2478507e-01
  -1.7932871e+00   1.4786353e-01  -5.2837145e-01
  -1.2895775e+00   2.2215563e-01  -3.5042966e-01
  -1.9776660e+00   2.1928777e-01  -6.5967718e-01
  -5.6174657e-01   2.0917109e-01  -1.4056866e-01
   2.1781908e-01   1.1819479e-02   1.5319398e-01
  -6.2213147e-01   5.0347530e-01  -6.3082666e-01
   1.4745728e-02   3.0014024e-01  -2.9339821e-02
  -1.3518707e-01   6.0850220e-02   5.6431747e-03
   3.3606242e-01   2.1733984e-01   1.0255948e-01
  -4.0703298e-01   7.2621358e-02  -1.2811275e-01
  -2.9815473e-03   1.8033419e-01   2.7978201e-02
  -6.2386731e-01   4.7016961e-01   6.2925456e-02
  -1.3528300e+00  -7.0369786e-02  -4.7230180e-01
   6.4216842e-02   3.2607560e-01  -6.1189638e-02
  -9.9468742e-02  -3.9720496e-03   5.2078442e-02
  -4.5107747e-01   1.9408270e-01  -6.2248845e-02
  -2.4577579e-02   1.9469183e-02   1.9537518e-02
  -1.6384870e-01   5.7119122e-02  -7.2197108e-03
  -3.5267478e-02   2.6873566e-01  -1.2479961e-01
  -9.6026068e-03   1.8326566e-01  -4.3885180e-02
  -6.3292795e-01   4.7845213e-01  -2.6626707e-01
  -4.2612627e-02   1.9241503e-02   3.3860704e-03
  -1.4888272e-01   1.8470795e-01   3.5161522e-02
  -4.1362254e-02   2.0395631e-01   1.0079522e-01
   7.0517257e-02   1.3820957e-01  -6.7145718e-02
   4.2828502e-01   1.4666116e-01   3.1808252e-01
  -7.1856371e-01   2.5916301e-01  -3.9075358e-01
  -9.4865142e-01   2.1596305e-01  -3.8214936e-01
  -2.1437543e-01   7.0260171e-02  -5.0157837e-02
  -9.1270061e-01   2.3956494e-01  -2.7917360e-01
  -4.1470825e-01   2.4341257e-01  -1.1201148e-02
  -1.0203999e-01   1.7757931e-01  -4.6884423e-03
  -7.5098490e-01   4.8720465e-01  -1.8071516e-01
  -1.7863963e-01   2.1952516e-01   1.9086014e-01
   2.5950408e-01  -2.3190627e-02  -3.5486714e-02
  -6.4224010e-01  -2.0289465e-01  -2.7505905e-01
   2.6802585e-01   1.8713722e-02  -5.3483047e-02
   1.1189822e-01   5.7643134e-02   2.9778366e-03
  -1.4736979e-01   1.4326775e-01  -1.4938767e-02
   1.0162230e-01   2.1249525e-01  -1.4252420e-03
   1.3172766e-01   4.9116764e-01  -1.3643378e-01
   2.4180366e-01   1.8798667e-01   2.1787837e-01
   5.0185645e-02   2.6543975e-01   3.8520544e-02
  -1.3131537e-02   1.2424299e-01  -5.1423560e-02
  -6.6585605e-01   2.3573191e-01  -2.0966257e-01
  -1.4178012e+00   1.1173727e-01  -4.6881463e-01
  -8.0334510e-01   1.0019419e-01  -3.2625371e-01
  -6.5849326e-01   1.2717460e-01  -4.1654409e-03
  -1.0769680e+00   6.2752372e-02  -1.8212272e-01
  -1.8301630e-01   2.9140186e-01   3.5081201e-03
  -1.5517102e-02   2.3047197e-01  -1.3054861e-01
   4.4360305e-02   3.3436164e-01  -6.9454877e-02
  -5.2554598e-01   4.6932142e-01   1.1771404e-01
   1.9643982e-02   2.2286061e-01  -1.2321074e-01
  -1.0993763e+00   4.5498011e-01  -2.7832798e-01
   6.7309850e-02  -2.0487637e-02  -1.1029480e-01
   1.4529934e-01   1.5398257e-02  -6.4351375e-02
   1.0348024e-01  -6.6395518e-02   3.6056795e-02
   2.4517899e-01  -1.1074444e-03   1.5375538e-01
   1.5440442e-01  -5.8824159e-02   1.4984270e-01
   5.0660806e-02   6.2502944e-01  -1.9395516e-01
  -1.2549282e-01   8.0889405e-02   1.0335641e-01
  -4.0512961e-01   1.9520465e-01   2.1457844e-02
  -1.1875553e-01   4.5940328e-02   1.2074032e-02
   2.0962812e-01   1.0419031e-02   1.8147649e-01
   7.1357175e-03   1.7313904e-01   1.0033441e-01
  -7.9430297e-01   8.0059898e-02  -2.9801167e-01
  -2.4934495e-01   7.2958678e-02   3.2758894e-02
  -5.4459065e-02   2.2122268e-01   1.0633161e-01
  -7.8498103e-02   9.1066831e-02  -1.1454162e-01
  -5.9459862e-01   4.2189084e-01  -1.4582031e-01
  -2.4562743e-01   2.5998231e-01  -8.2371593e-02
   5.7263289e-01  -1.2039797e-01   2.4128148e-01
  -2.5875360e-01   3.7598790e-01   1.4944525e-01
  -3.9630644e-01   1.0783714e-01   1.1440074e-02
   3.8853236e-01   2.8561557e-01   9.1199956e-02
  -6.1486950e-02   2.6852177e-02   5.1422372e-03
  -8.1193673e-02   1.4422430e-01   2.5367715e-02
  -1.8728020e-02   2.1005131e-01   1.8274604e-01
   1.2799140e-01  -2.2832822e-01  -1.5156568e-01
   5.3220690e-01   9.8325717e-02   3.3719364e-01
   2.2902509e-01   2.7529659e-01   1.8387082e-02
  -2.5642084e-02   2.6245595e-01   9.9948508e-03
   2.0500328e-02   1.7988316e-01  -3.5346774e-02
  -7.0186641e-02   2.2356466e-01   4.4115867e-02
   3.5844157e-01   1.0546175e-01   2.9276565e-01
  -7.9310638e-02   8.6324336e-02  -1.7356668e-02
  -6.0985033e-01   7.2885769e-02  -1.7165728e-01
  -1.7604986e-01   3.0207178e-01  -3.6221783e-02
   4.0466064e-01   1.3933832e-01   3.5672875e-01
  -5.4322917e-01   2.8465958e-01  -3.0967114e-01
  -1.1542412e+00   3.1547881e-02  -3.2717381e-01
  -4.7837751e-03   3.3741529e-02  -2.1216435e-03
  -8.8228924e-01  -8.6005304e-02  -2.3372711e-01
  -1.0234984e-01   1.6296509e-02  -1.6310034e-02
   7.3503982e-02   3.1801039e-01  -4.8458129e-02
  -1.9532714e-01   2.1335990e-01   5.7023073e-02
  -1.5421883e-01   1.6176260e-01  -4.2337892e-03
   2.4661758e-01   1.3903165e-01   2.0618735e-01
   7.5228486e-03   1.5276531e-01   4.3212989e-02
  -1.8302184e-03   4.1061727e-02  -2.0068514e-02
  -3.3950456e-01   2.3117857e-01  -1.1541485e-01
  -1.3106186e+00   1.3725071e-01  -4.1080171e-01
   4.6880899e-01   6.4019996e-02   4.1969247e-01
   8.1837419e-02   2.3853459e-02   6.1068956e-02
   1.8144870e-02   9.9844325e-03   3.4774554e-02
   8.2593411e-02   3.2199141e-01  -3.9143653e-02
   2.7905240e-01  -2.0206491e-02  -8.3258057e-02
   2.9278256e-01   1.9306764e-01   5.9271203e-02
  -1.1064257e-01   3.5077547e-02   2.5209754e-02
  -1.0292244e+00  -6.6028974e-02  -3.0200225e-01
  -7.3983568e-01   2.4232440e-01  -2.4191221e-01
   1.5020088e-01   2.1452870e-01   6.6001176e-02
   5.0266776e-02   3.2206113e-01  -9.1039425e-02
   9.3594941e-02   1.3789167e-01   6.2431773e-02
   6.8772512e-03   1.7282356e-01   6.4049117e-02
  -9.6810086e-01   1.1761832e-01  -2.7089032e-01
  -1.3374609e-01   2.5592910e-01  -7.8803502e-02
   1.0789226e-01  -5.7213912e-02  -1.1243472e-01
  -6.0096506e-02   9.1952026e-02   8.4900395e-02
  -1.5427837e-01  -2.4877069e-02   1.1899072e-01
   1.7821435e-01   1.3731872e-01   2.3958780e-02
  -1.4507023e-02   8.8964366e-02  -5.3793501e-03
  -1.2572946e-01   1.4316848e-01   1.0834623e-01
  -1.2092149e-01   1.6991929e-01  -2.4086445e-02
  -1.6601766e+00   4.8607674e-02  -4.7971521e-01
  -1.4610923e+00   4.7740170e-02  -6.3116290e-01
  -1.0453419e+00   2.2770932e-01  -4.2048838e-01
  -6.0124862e-01   3.3236269e-01  -1.4009915e-01
  -3.5081580e-02   5.5112243e-04   1.7823281e-02
   4.3944258e-02   1.9901440e-01  -5.6961016e-02
  -3.3282085e-02   2.2768987e-01   9.3703672e-02
   1.8304977e-01   6.8824405e-02  -4.7924419e-02
   2.6659016e-01   3.3925912e-01   9.2501181e-03
  -1.0537012e+00   2.2841127e-01  -5.5757968e-01
   7.7587716e-03   1.6729069e-02  -4.4628972e-02
   2.9929985e-01   1.9238916e-01   1.2042110e-01
   3.8330885e-01  -4.2359961e-03  -7.2546383e-02
   3.2192389e-01   7.0032953e-02  -1.1017408e-01
  -1.4813990e-02   5.8910464e-02   2.6663038e-02
   3.0613176e-01  -1.9912284e-03  -4.1244434e-02
   7.8822462e-03   3.3358536e-01  -9.1670549e-02
  -1.1394222e-01   2.0208218e-01   5.4157321e-02
  -1.0398803e+00   6.0649501e-02  -4.8589192e-01
  -1.2406561e-01   4.6424311e-01  -8.9351689e-02
  -1.0865391e+00   4.9062858e-01  -4.2418926e-01
  -3.8745094e-01   3.3161384e-01  -2.3455756e-01
  -5.3114480e-01   1.5107491e-01  -1.4000656e-01
  -9.4118709e-02   8.3179504e-02   8.9545562e-02
   3.7682254e-01   4.9615363e-02   3.0167249e-01
   2.2370631e-01   3.5001145e-01   1.1911927e-01
   6.3398231e-02   3.5627204e-01  -5.1374306e-02
  -4.2516874e-01   2.3634005e-01   4.9087299e-03
   1.8573177e-01   5.2352716e-02   1.5842321e-01
  -1.5136133e-01   1.1018153e-02  -2.0770881e-03
  -1.7119893e-01   1.3424998e-01   3.5882159e-02
  -1.6102179e-01   1.3676340e-01   2.3823255e-02
   4.0022651e-02   7.9618634e-02   4.4921343e-02
   6.6269823e-01  -4.3556652e-01  -1.9700668e-01
  -3.6170659e-01   5.7777834e-02  -5.3015402e-02
  -1.5695573e-02   1.5832999e-01  -7.9363775e-02
   7.7388640e-01  -1.0562304e-01  -6.9664681e-02
   2.3840933e-01   2.7886246e-01   7.2763128e-02
  -2.3774116e-01   2.7131900e-01  -3.1102440e-02
  -6.1051300e-01   3.0541907e-01  -2.8111846e-02
   2.5171350e-01   6.6387797e-02  -4.0825002e-02
  -8.3212896e-02   3.7234384e-02   6.1808850e-02
  -4.8018131e-02  -3.7384781e-02  -6.7809108e-02
   8.3768950e-02   3.2299108e-01  -5.5856306e-02
  -3.6905959e-01   1.6402734e-01   4.3296381e-02
   8.7210075e-02   1.7334848e-02   2.1590849e-01
  -2.7381479e-02   1.6837400e-01  -4.5267004e-02
   7.0387138e-02   2.8466052e-01  -3.4138123e-02
  -1.0529225e+00   2.5490578e-01  -4.7380036e-01
   6.8140559e-02   4.0400640e-01  -4.9102776e-02
  -7.1347476e-02   1.8632129e-01  -1.1196413e-01
  -1.2741827e-01   2.3639987e-02   1.1190725e-01
  -1.9387313e-01   3.6615676e-01  -2.0420368e-01
  -2.9014079e-01   8.8368850e-02  -5.6628733e-02
   2.3932078e-01   7.3862774e-02   2.0214236e-01
  -1.5554264e-01   1.6397715e-01  -4.8701166e-03
   3.4575361e-01   1.2208822e-01   3.0627615e-01
  -1.9996699e-02   2.8806801e-01  -1.6624446e-02
   3.7395941e-02   3.2033118e-01   1.2759196e-01
   2.6739455e-02   1.3620719e-01   2.4140361e-02
  -9.5373264e-03   2.1145457e-01   1.0975409e-01
  -7.0513192e-01   2.9313351e-01  -1.3074116e-01
  -1.0569813e+00   2.2069351e-01  -2.4806775e-01
  -2.3041197e-01   1.8678067e-01  -8.4241759e-02
   2.3244003e-02   1.8968717e-01  -5.3424581e-02
  -8.5535701e-02   1.5145403e-01   2.2688962e-02
  -2.0331782e-01  -2.2406734e-02  -6.4977193e-02
  -6.2244730e-02   1.8798291e-01   3.8454573e-02
   7.7385325e-02   2.7036220e-03   5.1781963e-03
   3.1319840e-01   1.0382114e-01   6.9613800e-02
  -6.9904791e-01  -4.6553356e-02  -1.2845417e-01
   1.9797685e-02   2.2582539e-01   1.9931800e-02
   8.1665875e-02   2.9950275e-01  -6.8838234e-02
  -1.1868022e-01   1.4890465e-01  -4.5626823e-02
  -1.4659386e+00   3.1270843e-01  -5.7797314e-01
   6.8056063e-02   6.5435433e-02  -7.5310469e-02
   1.7799690e+00  -5.1287398e-01  -1.6133520e-01
  -2.8805471e-02  -5.5373559e-04  -1.3034597e-02
   2.9286436e-01   1.9242349e-01   2.5282550e-01
   2.0739392e-01   8.1531973e-02  -3.3163666e-02
   1.4743560e-01   2.7098112e-01  -7.1231546e-03
   4.2750369e-01   9.3586173e-02   3.8832166e-01
   1.8189641e-01   3.7670844e-02   2.0185682e-01
   1.9782063e-01   3.1474576e-01  -6.9099739e-03
   6.0945402e-02   4.8423723e-02   1.1684859e-01
  -1.5897299e-01   2.1122880e-01   8.0582905e-02
  -6.2890952e-01   2.9777886e-01  -1.2748566e-01
   1.3661432e-01   1.8086051e-01   1.9118918e-01
   4.1013808e-01   1.4361052e-01   4.9417743e-02
   2.7271747e-01   6.9539523e-02   1.5476436e-01
   4.0097605e-01   1.6867679e-02   2.8201911e-01
  -1.2435807e+00   5.8858563e-01  -3.7021752e-01
  -8.3901041e-02   7.8888264e-02  -8.0810099e-02
  -1.3686233e+00   3.4073074e-01  -4.3139721e-01
  -2.5409383e-01   6.0461244e-02  -3.4882657e-02
  -1.6059257e+00  -1.2404557e-01  -2.2016904e-01
  -3.8890390e-01  -1.3937595e-02  -1.4147836e-01
  -1.0787949e+00   5.4329400e-01  -3.6598226e-01
  -1.1558820e-02   7.3967883e-02  -9.4439788e-03
  -6.1372179e-02   1.1345293e-01   3.1674782e-02
   1.2587559e+00   7.2151211e-02   2.0152811e-01
   1.0805660e-01   4.3071541e-01  -9.0373417e-03
  -2.2016487e-02   3.8686602e-01  -1.1149424e-01
  -4.4361719e-02   1.4634079e-01   9.5043723e-02
   2.1253097e-02   1.3122480e-01  -1.1760201e-01
   3.9378421e-01   1.4282077e-01   3.3577944e-01
   1.3219516e+00  -1.9892518e-01   1.0427834e-01
   1.1096439e-01   3.2121481e-01   1.9553678e-02
  -2.3247495e-01   3.3067089e-01  -1.6112149e-01
   2.2202361e-01   1.8988203e-01   2.4688563e-01
   4.3618644e-01   7.7294390e-02   3.9011348e-01
  -2.9656119e-02   4.2562066e-02  -6.4550115e-02
  -5.9383379e-03   3.1787751e-01  -3.9466107e-02
  -8.5787088e-01   1.2880404e-03  -3.0649883e-01
   4.2929239e-01   2.9955838e-02   1.8029350e-01
  -1.1743046e+00   3.2274509e-01  -4.3857484e-01
  -2.2147756e-01   3.4364355e-02  -2.0513153e-01
   1.1284922e-02   7.6680759e-02   6.3260182e-02
  -2.7110430e-01   3.2391764e-01   1.5348868e-02
  -5.0553675e-02   1.9996599e-02   4.5610774e-02
  -2.5510895e-01   1.0265644e-01  -2.0987307e-02
  -1.6455384e-01   2.1553123e-01   4.6220268e-02
   3.8752626e-01  -2.4298672e-03  -7.8435330e-02
  -1.3267194e-01   2.2258002e-01   1.7282513e-01
   1.8536640e-01   1.4632190e-01   1.2116007e-01
  -1.4300428e+00   2.5156815e-01  -5.3194829e-01
   4.0708363e-02   3.1766398e-01   7.3231159e-03
   3.4663985e-02   8.9858339e-02  -9.2602405e-02
   1.4997421e-01  -4.9568426e-02  -1.2251817e-01
   1.2943453e-01  -4.4138470e-02  -1.3148089e-01
  -2.3487285e-03   2.1683296e-01  -2.8223382e-02
  -6.1374303e-01   1.1669725e-01  -1.5455858e-01
  -1.0928816e-01  -3.6650480e-02   1.3425772e-01
  -4.6405652e-01   2.4085351e-01  -3.1423826e-02
  -1.6019364e+00  -2.9828150e-02  -4.4452502e-01
   3.8773228e-01  -1.0656449e-04  -9.0964630e-02
  -9.1328820e-01   5.2154698e-01  -1.3074330e-01
   3.0992011e-01   5.9727138e-02   2.3683869e-01
  -1.5752954e-01   1.6935874e-01  -2.4410470e-02
  -1.3890119e+00  -1.5000956e-02  -3.0839108e-01
  -1.2293609e+00  -1.8243650e-01  -5.6878145e-01
   3.2260554e-01   8.8876955e-02  -9.0663792e-02
   1.0449220e-01  -2.5636070e-02  -1.2853944e-02
  -3.9824166e-02   2.8198732e-01   3.3253339e-02
  -3.3187418e-01   1.2497652e-01   3.1071251e-03
  -2.1233842e-01   2.4908827e-01   1.7011057e-01
  -1.8880985e-01   1.5171478e-01   2.4081987e-02
  -1.4024392e-01   1.8793994e-01   1.2197228e-01
  -1.3697194e-02  -1.8535793e-02  -4.0741476e-03
  -1.2281720e+00   8.1229991e-02  -3.0822460e-01
  -8.9074810e-01   1.2918798e-01  -3.7941176e-01
  -8.4380973e-01   4.3406177e-01  -3.3657400e-01
  -2.1473251e-01   8.7209732e-02  -5.2242982e-02
  -2.9136005e-01   2.6605907e-01  -4.8508016e-02
  -1.2020340e-01   3.7568339e-01   4.5858407e-02
  -2.7622778e-01   1.3606018e-01   1.0140710e-01
  -2.5950844e-02   1.3292793e-01  -9.6445263e-02
   3.3843369e-01   5.1487817e-01   1.6145965e-01
   7.1863605e-02   9.3432700e-02  -4.8530144e-02
  -1.7685748e+00   5.0326285e-02  -5.6396707e-01
  -1.9914885e+00   3.4902250e-02  -4.6582110e-01
  -4.0203590e-01   3.0904070e-01  -9.0635320e-02
  -4.7582749e-01   2.0061992e-01  -1.2733392e-02
   1.0440810e-01  -6.9507064e-02   6.9516640e-03
  -4.7103926e-01   3.6771208e-01  -2.3003997e-01
  -1.2116052e-01   5.0674470e-02   5.2231776e-03
   2.4906556e-03   1.2707288e-01  -4.0955722e-02
   1.0615600e-02   2.2233688e-01  -6.9157535e-02
  -4.7616470e-02   1.8898137e-02  -9.3304519e-02
  -1.0656986e-01   3.2561685e-01  -1.1974456e-01
   1.5358491e-01   7.4483999e-02  -3.5538996e-03
  -8.9985592e-01   1.1037534e-01  -5.6699568e-01
  -9.5457511e-01   2.7703984e-01  -3.9310477e-01
   1.6009895e-01   1.9621053e-01   1.8307908e-02
  -5.5820110e-01   1.5911814e-01  -1.7129182e-01
  -1.4738726e-01  -6.7341566e-02  -7.4516885e-02
  -2.1797454e-02   2.4041146e-01   1.1056845e-01
  -5.6048042e-01   3.2641738e-01  -1.3898720e-01
  -1.1890324e-01   1.2515953e-01   6.1168864e-02
   3.3299171e-01   2.7260920e-01   9.3451603e-02
  -1.3650103e-01   7.0733083e-02   7.0518656e-02
  -1.7536987e-01   1.1262068e-01  -7.5488363e-02
  -5.9022818e-03   2.0535134e-01   9.9748034e-02
   1.2997950e-01   3.6749338e-01   2.0943471e-01
  -1.3295217e-01   3.2531269e-01  -1.9826033e-02
   1.7553086e-01   1.6041359e-01   8.6401422e-03
  -9.4471475e-02   1.5544092e-01   2.8998932e-02
  -1.1850586e-01   3.3935004e-01  -1.2968467e-01
   6.5607190e-02   3.2214508e-01  -1.1042262e-01
  -5.8234762e-01   3.1516727e-01  -3.0028689e-01
  -8.5751574e-01   3.3138403e-01  -3.5736210e-01
  -5.9964391e-02   8.7882183e-02   2.3723218e-02
  -9.8367262e-01   1.5139703e-01  -2.8235066e-01
  -7.9957748e-01   2.0791925e-01  -1.8417572e-01
  -1.0679638e-01   4.2205920e-01   2.7910180e-01
  -1.3158581e+00   3.7012324e-01  -4.5544659e-01
   2.1268042e-01  -6.4578532e-03   1.3663227e-01
   4.4443245e-01   2.9716010e-01   1.6790311e-01
  -1.4163663e-01   2.6879776e-02   3.9593226e-02
   6.0054770e-02  -4.8137826e-03  -9.8744739e-02
  -1.0309954e-01   2.9026061e-01   9.1517332e-02
  -3.8078657e-03   1.1452133e-01  -1.3260791e-01
  -1.9672551e+00   4.2517765e-02  -5.6737032e-01
  -9.5778361e-02   9.0273792e-02   4.9715850e-02
  -6.3387408e-03   1.0192391e-01   1.7201465e-02
  -2.7089206e-01   2.9628351e-01  -1.5278050e-01
  -2.5429293e-01   1.4954083e-01   3.5107004e-02
  -9.1541098e-01   2.0150777e-01  -2.5482753e-01
  -2.1861724e-01   1.7244391e-01   6.6919075e-02
   1.8545781e-01   2.5853628e-01   4.7951637e-02
  -1.8544963e-01   2.4543156e-01   5.2717484e-02
  -1.0777149e+00   2.9809678e-01  -3.2908121e-01
   4.7648179e-03   2.5558216e-01   1.2531820e-01
  -7.4142162e-02   3.2607280e-02  -1.9406774e-02
  -8.9336120e-02   2.6367922e-01   8.2894880e-02
  -4.4369815e-01   2.8315303e-01   1.7278951e-02
   1.6411057e-01   9.3359148e-02  -1.6323697e-01
  -8.4986241e-02   1.4362764e-01  -1.3000906e-01
   3.4482329e-01   7.5571804e-02   2.4278501e-02
   2.0377782e-02   2.3752588e-01   5.9973360e-02
  -3.3457104e-01   1.9887922e-01  -2.1014492e-01
  -5.5266416e-01   8.1762988e-02  -1.5864537e-01
  -3.0884134e-01   2.4233834e-01   5.1459622e-02
   3.2432581e-01  -6.3142871e-02  -4.6268401e-02
  -1.1587764e+00   2.5379041e-01  -3.9830501e-01
  -2.7004408e-02  -1.4036327e-02  -2.6722657e-03
  -6.6873182e-02   8.1941755e-02   6.6882095e-02
   3.3535913e-02  -1.9515902e-02  -9.1007209e-02
  -2.6458216e-01   4.6156725e-02  -1.0448585e-01
  -1.2701940e-01   1.2779712e-01   5.9287278e-02
   1.6295863e-02   6.4211917e-02  -4.6839377e-02
   4.5715894e-01   1.1054954e-01   3.6700309e-01
  -5.2048949e-01   1.4721779e-01  -8.1679659e-02
   1.1233964e-01   1.0458334e-01  -1.4509064e-01
  -1.1406837e+00   3.5807753e-01  -3.1627743e-01
   9.1959725e-02  -6.0151307e-03  -1.0326248e-02
   1.8675432e-01   1.6147334e-01  -1.2693359e-01
  -7.4002046e-01   1.9450981e-01  -1.2812730e-01
  -1.5015808e+00   9.9012975e-02  -4.5960991e-01
  -1.1579405e+00   2.5540282e-01  -3.5927664e-01
   4.0873736e-01   1.1600444e-01   2.1527130e-01
   2.6869957e-02   8.7711858e-02  -4.9981508e-02
   4.6101358e-01   5.8337746e-02   3.1625239e-01
  -6.9277116e-02   3.6650339e-01  -1.0608326e-01
   2.4370275e-02   2.3982439e-01   1.1366174e-01
  -4.5527510e-01   3.8931441e-01  -2.9897546e-02
  -1.7008988e-01   2.9127390e-01   5.5510331e-02
  -1.6444069e-01   1.9993359e-01   1.1509793e-01
  -1.0422989e-01   9.2070230e-02   8.7321737e-02
  -8.2372818e-02   4.6958506e-02   2.0758296e-02
   1.1881323e-01   3.4500794e-02  -1.1690490e-02
  -4.9949003e-02   2.8175584e-02   1.5884716e-02
  -4.2708635e-01   3.7667666e-01  -2.5935016e-01
  -8.8157764e-02   2.0625708e-01   8.9911622e-02
   2.9271680e-02   1.3291867e-02  -1.0169402e-01
   3.7113698e-02  -1.1045749e-02   6.3175531e-02
  -5.1826628e-03   2.1625330e-01   1.0503403e-01
   9.2606495e-02   3.7143026e-01  -8.2914272e-02
   6.1648848e-03   3.0252838e-01  -7.4211594e-02
  -4.7949946e-01   1.6909469e-01  -1.3548656e-01
  -1.1255659e+00   3.8871892e-02  -5.1681304e-01
   4.7543904e-01   1.1115869e-01   3.4155753e-01
   3.8288310e-01   2.1851926e-01   2.2434340e-01
  -6.6221435e-01   2.4235308e-01  -1.0510019e-01
   1.5154870e-01   1.3788826e-02  -4.5541426e-02
   1.3694104e-02   2.4502511e-01  -6.4720435e-02
   1.3909886e+00  -2.6751246e-01   7.8050902e-02
   2.9175233e-01   2.2736983e-01   1.6210952e-01
   3.7624600e-01   1.3295810e-01   3.5458623e-01
  -1.6451959e-01   5.8703831e-02  -5.0138079e-02
   2.4407335e-01  -3.3859590e-02   2.0066805e-01
  -6.9757963e-01   2.3208309e-01  -1.1593113e-01
  -7.4076999e-01   2.3504534e-01  -2.1036951e-01
   2.4328423e-04   2.3148832e-01   1.0890034e-01
  -1.9476195e+00   6.1360110e-02  -4.4812627e-01
  -1.4833502e+00  -5.1662126e-02  -5.6368489e-01
  -1.9204440e-01   1.9837521e-01  -2.8335984e-02
  -1.3391007e+00   2.4699527e-01  -3.5695060e-01
  -1.3022710e+00   2.4926544e-01  -3.9808790e-01
  -7.4768216e-02   5.8081529e-02   1.8555306e-02
   3.6535843e-02   4.0289572e-01  -1.1190995e-01
   3.4705644e-01  -1.1589025e-01   2.0720028e-02
  -3.7376470e-02   1.2026956e-01  -6.8565139e-02
   1.2307379e-01   2.3041434e-01   2.3554295e-01
  -2.7824483e-02   6.1852477e-03  -1.7487310e-02
   1.3514277e-01   5.6106948e-02  -5.3400870e-02
  -4.7529257e-01   4.8320568e-01   4.5981184e-02
   2.2581633e-01  -9.9820833e-02  -6.0776807e-02
  -2.1540412e-01   1.7662943e-01   4.3540013e-02
   1.7246435e-02   4.3812422e-01  -3.6727678e-02
   1.6297947e-01   2.1576702e-01   5.7667466e-02
  -6.8769831e-01   1.5529517e-01  -1.3255031e-01
  -6.5644542e-01  -4.8954278e-03  -1.7672459e-01
   2.9861242e-01   3.3164252e-02   2.0001366e-01
   2.9714308e-02   1.0524227e-01   3.4970814e-02
  -2.3096443e-01   7.9054558e-02  -4.0621151e-02
  -1.3676614e-01   3.4430603e-01  -1.0500731e-01
   3.6644200e-01   7.4097741e-02   3.4409104e-01
  -3.8051915e-02  -4.3130076e-03  -1.3598793e-01
  -3.7270722e-01   3.0035502e-01   3.3640927e-02
  -1.0065311e+00   1.1000720e-01  -1.8455687e-01
  -1.7178141e-01   2.0157358e-03   1.2148838e-01
   2.9251839e-01   3.8691243e-02  -1.1831177e-01
  -6.2083730e-01   2.8477638e-01  -9.6688917e-02
  -5.1234820e-01   3.0896191e-01  -5.8319097e-02
   5.1253870e-01   4.6800273e-02   3.1312799e-01
  -1.1947797e-01   5.4473571e-02   1.7922663e-02
   1.9909131e-02   2.6858955e-01   3.0308577e-01
   6.2252890e-02   1.5828508e-01   1.0229049e-01
  -3.3822518e-01   2.5490133e-01   3.6314669e-02
  -8.5559015e-02   5.8631854e-02  -6.3230712e-02
   3.3000329e-01   1.0641034e-01   1.7573695e-01
  -3.4976695e-01   2.4822952e-01   1.8146442e-02
  -2.0795901e-01   2.0585137e-01  -2.1224737e-01
  -6.7369727e-01   2.2090589e-01  -1.5983497e-01
  -8.8370009e-01   2.0487491e-01  -4.7830934e-01
  -1.3098503e+00   5.6800181e-01  -4.0260938e-01
   4.6325706e-01   6.3191068e-02   4.2028283e-01
  -3.7314887e-02   1.1932841e-01  -1.5054198e-02
  -9.7891521e-02   3.0274294e-01   1.4417613e-01
   5.7806866e-02   6.5963107e-02   7.3424396e-03
  -1.7302605e-01   2.3689532e-01   6.1816340e-02
  -8.4905022e-02   3.4532536e-02  -1.3715217e-01
   1.2643965e-02   1.3898333e-01   3.2553823e-02
  -1.3167711e-01   2.8568681e-01   1.6343835e-01
  -2.4101175e-01   2.4891915e-01   1.2535054e-03
  -5.6717456e-03   1.6964442e-01   1.5281390e-01
  -1.5738572e-02   1.3090314e-01  -9.4765109e-02
  -1.3100410e+00   8.8746798e-02  -4.5733919e-01
   2.3090952e-01   1.9962379e-01   2.2341426e-01
   1.6401128e+00  -2.4540928e-01   3.4559694e-02
   6.2923929e-02   3.6484979e-01  -7.2060264e-02
  -7.0183002e-01   1.2403630e-01  -3.2251945e-01
  -9.2115100e-01   2.9799172e-01  -3.9823424e-01
  -5.3092218e-01   3.7461603e-01  -1.2573152e-01
  -6.2968894e-01   4.4370451e-01  -6.2643101e-02
  -1.2652784e+00   5.8283745e-01  -3.8538920e-01
  -7.2141529e-02   2.8701807e-01  -1.0323341e-01
   2.4293845e-02   1.1226422e-01   4.9589676e-02
  -1.1046248e-01   2.4080724e-01   1.6724498e-02
  -2.5541518e-01   1.5041141e-01  -1.4311545e-01
  -4.3833954e-01   2.6402973e-01  -1.2200786e-01
  -7.7094846e-01   3.3268971e-01  -4.3769914e-01
   1.6792185e-02   3.3884830e-01  -1.5048939e-01
  -3.5851050e-02   2.3042376e-02   2.1435171e-02
   1.6407729e-01   2.9070567e-01   1.6565037e-02
   3.2551524e-02   2.7627346e-01   3.9209805e-02
  -9.3671141e-01   1.3508857e-01  -3.4040544e-01
   2.8478604e-01   1.5555801e-01   2.1569743e-01
   3.7359516e-02   1.3322376e-01   4.4602439e-02
  -5.5950657e-01   2.4187160e-01  -5.5801748e-02
   9.7048896e-01   1.6768224e-03  -7.8528202e-02
  -6.9802013e-01   4.3297085e-01  -1.7015845e-01
  -4.7091412e-01   2.7025858e-01  -2.7733368e-01
  -4.2048032e-01   2.1627111e-01  -2.9679474e-02
   5.5331543e-01   2.5799351e-02   3.1358295e-01
  -9.4322702e-03   2.0746348e-01   9.8970344e-02
  -1.1573571e+00   2.3680094e-01  -2.2823719e-01
  -6.3394430e-02  -1.4893617e-02  -3.0106324e-02
  -2.1668967e-01   2.7904972e-01  -8.4008208e-02
  -7.9474299e-01   1.9687575e-01  -1.8945944e-01
  -1.4660465e+00  -2.0708744e-01  -2.7856006e-01
  -2.0258057e-01   1.5369456e-01   2.8783249e-02
   2.2490148e-01   1.1588565e-02  -9.6488089e-02
  -1.0316878e+00   2.5382685e-01  -2.8433612e-01
  -1.7524284e-01   2.3448224e-01   2.7732348e-02
   3.5345173e-01   1.5602817e-02  -1.0952690e-01
  -9.9536245e-01   2.6271694e-01  -2.3926235e-01
  -3.5288454e-02   2.7140243e-01  -1.9762404e-02
   7.4083223e-02   2.2315552e-01   1.4991137e-01
  -9.6429082e-02   2.1419142e-01  -2.2482566e-02
   2.1573902e-01   2.9747115e-01   1.3562144e-01
   1.7011713e-01   1.5113649e-01   1.6163867e-01
  -1.0260112e+00   1.1565026e-01  -3.0978680e-01
  -1.6165983e+00   6.5851187e-02  -5.6793776e-01
   2.3521836e-02   1.9198748e-02  -2.2258841e-02
  -2.5624986e-01   2.7330292e-01  -1.4277999e-01
  -1.0716700e-01   7.0031234e-03   1.9113402e-02
  -3.5047911e-02  -2.3341088e-02  -3.8066043e-02
  -6.1066041e-01   1.8182178e-01  -2.7286049e-01
  -2.6534190e-01   1.1417582e-01  -2.6609695e-02
  -1.3007324e-01   3.6762558e-01   7.6520796e-03
  -1.1611689e+00   7.4678540e-02  -3.8186212e-01
  -1.4705784e+00  -1.2154552e-02  -5.9389026e-01
  -1.6587452e-01   5.7578974e-02   5.6036916e-02
   4.1944318e-01   8.7849387e-02   3.5622960e-01
  -2.7481450e-02   2.4163313e-01   1.1058437e-01
  -2.6747714e-02   2.4827468e-01   1.0918124e-01
  -3.7487247e-02   1.7618386e-01  -8.4610783e-02
  -3.8354178e-01   9.1563150e-03  -7.6225015e-02
  -9.4749409e-02   2.1252371e-01   8.3386503e-02
  -2.5697360e-02   8.2007217e-02  -2.2782357e-02
   2.2949035e-01  -8.7999818e-03   1.9872685e-01
  -1.4858061e+00   7.8582862e-02  -4.8812884e-01
  -2.7724161e-01   4.8911059e-02  -5.2340438e-02
   1.8962742e-01   1.3540952e-01   2.2511864e-01
   4.2454768e-01   5.7233472e-02   2.7032369e-01
  -1.4640833e-01   2.9836205e-01   7.8175935e-02
   5.4413826e-02   1.7212756e-01   1.4097747e-01
   1.6565020e-01   1.4373955e-01  -1.1244974e-01
  -5.5636694e-02   2.3581166e-01   1.4548943e-01
  -1.3348915e-01   2.2521082e-01   2.3701699e-02
  -2.5987987e-02  -2.3281794e-02   6.7581664e-03
   3.6113871e-02   2.4163696e-01  -1.4601777e-02
  -1.1913785e-01   1.3115771e-01  -1.2739569e-01
   1.9179102e-01   5.3152324e-04   1.3180742e-01
  -4.8019362e-01   2.4580603e-01   7.9062865e-03
   3.1984165e-02   2.0911458e-02   2.6107356e-04
  -8.2499826e-02   2.5517388e-02  -1.2971609e-01
   2.0754003e-01  -2.8205880e-03   5.8241502e-02
   3.4643738e-01   1.6060099e-02   3.7188443e-01
   1.2822114e-01  -6.7828499e-02  -3.9437436e-03
  -1.2088726e+00   2.1771336e-01  -3.5129658e-01
  -1.2807173e+00   3.1977268e-01  -3.5608936e-01
  -1.4973660e+00  -2.0551635e-02  -4.7058772e-01
  -9.6478624e-02   2.7623817e-01  -5.0371574e-02
  -1.0456489e+00   4.6857099e-02  -3.6232130e-01
  -7.8142142e-02   2.7192439e-01  -1.9956264e-02
  -3.2240598e-01   2.9878509e-01  -1.2305982e-01
  -4.6585064e-01   1.4205358e-01   1.6274350e-02
  -9.1891173e-03   5.5954106e-03   7.8449686e-02
  -5.5871734e-01   1.6360858e-01  -1.3871796e-01
  -4.0902179e-02   1.8039292e-01   9.2950606e-02
  -3.5915926e-01   2.4642252e-01   9.2197416e-03
  -1.1360596e-01   1.2229684e-01   1.2274018e-01
  -4.1165526e-01   2.1651237e-01  -5.1695753e-03
   1.8383575e-02   1.0255960e-01  -2.0923888e-02
  -1.8905982e-01  -4.1836870e-02   1.2979716e-01
   9.7367664e-02   2.6351665e-01  -2.1508164e-02
  -5.3870687e-02   2.1659035e-01   1.1052300e-01
  -4.3218492e-01   1.2019611e-01  -8.2276983e-02
   8.3385920e-01  -3.7760800e-02   1.5036466e-01
  -7.4096803e-02   7.7610805e-02   4.7118080e-02
  -7.8702755e-02   1.9284869e-01   2.7598627e-02
  -2.5997563e-01   2.2487387e-01  -4.0253462e-02
   1.5646398e-01   3.1772004e-04  -5.9721657e-03
  -4.8197535e-01   4.9946290e-02  -1.8119019e-01
  -7.2213490e-01   1.2040277e-01  -1.1155519e-01
   3.3239283e-01   1.8245181e-01   2.2847450e-01
   2.6489388e-01   1.5888724e-02  -5.9086892e-02
  -3.2309750e-01   8.6114131e-02  -4.0817985e-02
   2.4507735e-01   5.6630486e-02  -2.3535141e-02
  -2.4249132e-01   2.2362767e-01   5.6009505e-02
  -1.6515518e+00   8.6875837e-02  -4.8172860e-01
   4.3108365e-01   1.2313366e-01   2.8825124e-01
  -1.3433630e-01   2.0823538e-01  -3.6921613e-02
   4.4710635e-02   3.1249754e-01  -1.6969481e-02
  -1.2920689e-01   2.7602221e-01  -1.4610395e-01
  -2.4471029e-01   3.6053589e-01   1.1179363e-01
  -9.8838383e-01   4.5466359e-01  -2.2967724e-01
  -7.5617630e-01   2.5899756e-01  -2.2280741e-01
   2.2087813e-02   1.0611045e-02  -7.8713823e-03
   8.2263859e-02   2.6853772e-01   1.3749309e-01
   2.6545964e-02   2.4367840e-01  -6.0125549e-02
  -3.2307593e-02   1.2820589e-01  -6.4198212e-03
  -7.4980009e-01   1.3980909e-02  -2.0520145e-01
   3.6943973e-02   2.3016550e-01  -2.0761790e-02
  -2.9016610e-01   1.1440938e-01  -5.3166314e-02
   2.2645314e-01  -4.6931369e-02   1.6281579e-01
  -6.8376553e-02   1.9029330e-01  -1.0499131e-01
  -5.2931753e-02   2.2283772e-01  -9.2346102e-03
  -1.4517319e+00   1.6924354e-01  -4.3687819e-01
  -1.5864111e+00   2.3695904e-01  -4.9280266e-01
   4.9565423e-01   1.3767758e-01   9.2493017e-02
  -1.1843265e-01  -9.2964356e-03  -7.8737493e-02
   2.5170604e-01   1.3565386e-01   3.1280198e-01
  -1.6582169e+00  -2.0066655e-02  -3.2522261e-01
  -1.1423309e+00   2.2288122e-01  -2.6991014e-01
  -3.0956590e-02   1.5039093e-01   9.1933656e-02
   1.4333947e-01   1.7322643e-01   1.0609823e-01
   2.5533096e-01   3.5090588e-01  -9.7950899e-03
  -1.4330323e-01   3.5611070e-01   3.1213084e-01
   2.1651336e-01   1.3935539e-01   1.8141145e-01
  -4.4355618e-02   2.2222175e-01  -1.0007375e-02
  -1.8106282e+00  -7.2697032e-02  -4.8627214e-01
   1.9717662e-01   1.0296178e-01   2.0791710e-01
  -4.3615638e-02   1.0560477e-01  -1.2193268e-02
   1.2071549e-01   1.9397107e-01   1.8858073e-01
   2.0669562e+00  -4.6261368e-01  -4.6926589e-01
   2.8549024e-03   2.4921049e-01   1.3208914e-01
  -2.1543308e-01   2.2753417e-01  -2.1059940e-01
  -2.8507282e-02   2.5063299e-01  -1.8164563e-02
  -6.5108187e-01   9.6566578e-02  -1.8689724e-01
  -5.1005075e-02   2.9600820e-01   7.1150041e-02
   3.3394017e-01   1.3207423e-01   2.2440262e-01
  -1.1287739e+00  -8.9916734e-02  -4.7438483e-01
  -1.2004354e-01   1.8794655e-02   1.1514556e-02
  -1.2012139e-01   1.1867140e-01   2.7858007e-02
  -4.0330975e-01   8.6713608e-02  -2.6155518e-01
  -6.5881420e-01   2.2942419e-01  -2.4777226e-01
  -1.6321114e+00   2.7678941e-01  -5.2320115e-01
  -1.0230357e+00  -1.2333299e-01  -4.7459996e-01
   5.2489885e-02   2.2221990e-01   1.5136427e-01
  -8.0292963e-02   2.7156714e-02   3.1432962e-02
  -1.5240572e-01   1.4756515e-01   4.8251236e-02
   2.7801770e-01   4.3500023e-01   1.1692196e-01
  -7.9637735e-01   2.5164198e-01  -4.4220956e-01
  -1.4523227e+00   5.8559254e-02  -4.0053872e-01
   9.9038507e-03   7.6968509e-03   1.6425897e-02
  -3.0890835e-02  -8.9571401e-03   1.0393165e-01
   8.6815365e-02   1.0759314e-01   5.3415374e-02
   1.5953506e+00  -2.2001767e-01   2.3214195e-01
   4.0335604e-01   1.1085862e-01   2.0773969e-01
  -1.5401132e-01   1.7015769e-01   8.9102339e-02
  -6.0513752e-02  -6.9985927e-02  -9.3065363e-02
   1.1372517e-01   1.7564633e-01   1.6105850e-01
  -7.6182575e-01   2.8771025e-01  -2.4962928e-01
  -3.6498189e-01   2.0391369e-01   5.2321562e-02
   4.6819813e-01   3.5891330e-03   1.8298927e-01
   5.2861125e-01   1.6595672e-02   3.5574876e-01
  -1.9954546e-02   1.3017455e-01   8.1068242e-02
  -1.0341763e+00  -6.7360076e-02  -3.2624908e-01
  -2.6714459e-01  -2.3728326e-02  -7.6254084e-02
   2.1722972e-01   6.8369044e-02  -1.2063265e-01
  -2.0085654e-01   1.5289575e-01   2.5822392e-02
  -7.2219427e-01   3.4932606e-01  -2.7951992e-01
  -6.5563379e-01   1.7807968e-01  -2.2380957e-01
  -8.4157233e-02   1.0035109e-01   2.2815895e-02
  -1.3700179e+00   3.4670827e-01  -3.8511627e-01
  -1.8376074e+00  -2.0590430e-03  -3.3057631e-01
  -2.8892578e-01  -5.7364528e-02  -1.2595757e-01
  -8.4822812e-02   3.8556437e-01  -4.4786280e-02
   8.2241562e-01  -1.4541187e-01  -5.5242498e-02
  -1.2324065e-01   1.0888137e-01   3.5676254e-02
  -4.4430312e-02   3.9186515e-04   2.0104944e-02
   1.9007101e-01   1.8792996e-01   4.3385021e-01
   3.2367886e-01   1.3808410e-01   5.2538175e-02
  -1.6162609e-01   3.6870012e-02   4.9208597e-02
  -9.1556057e-01   1.3972775e-01  -2.5888151e-01
  -2.1003163e-02   1.7194340e-01  -9.5137079e-02
   2.0409921e-02   1.2328351e-01  -4.0021549e-02
  -5.6782567e-01   1.9010759e-01  -4.3787446e-02
  -1.3818792e+00  -2.0556041e-02  -6.8719129e-01
  -1.6019411e-01  -1.3521648e-02  -5.9087950e-02
  -8.0028080e-01   5.2359763e-01  -1.1953760e-01
  -3.8747477e-02   5.1128768e-04   1.0924925e-02
   7.8682497e-02   1.4814227e-01  -7.6258021e-02
   8.3175142e-02   3.8407443e-02  -2.5028153e-02
  -8.9311358e-02   9.1488482e-02   3.3327976e-02
  -5.2698185e-01   5.9901114e-01   1.6707174e-01
   1.4772066e-02   1.0162424e-01  -7.5685911e-02
  -5.4276561e-01   2.9668970e-01  -2.8549300e-01
   5.1385741e-02   1.7527468e-01   4.8552568e-02
   4.4333790e-02   2.9076343e-01  -1.0325907e-01
   2.0812330e-01   2.1787790e-02   1.5957674e-01
   6.6048148e-03  -6.7572451e-03   1.2802602e-02
  -2.5198068e-01   3.0977818e-01   1.5326506e-02
   2.3995182e-01   4.2365497e-02   1.4083821e-01
   1.9749995e-01  -4.4504854e-02   4.9926685e-02
  -1.7506436e-01   2.1562529e-01  -9.1826415e-02
   4.5710737e-01   7.0885243e-02   4.1754096e-01
  -4.0236781e-01   6.7240483e-02   1.5823707e-02
   1.7014115e-01   5.7889262e-02   3.7473437e-02
  -1.0809499e+00   2.4702504e-01  -2.6959718e-01
  -1.2221021e+00   2.4307248e-01  -3.7149767e-01
   6.9694924e-02   1.4548539e-01  -8.6812158e-02
   1.8736314e-01   2.1702063e-01   1.8537311e-01
  -8.2309138e-02   2.6321466e-03  -1.0598573e-01
  -8.9151245e-02   9.4723515e-02  -2.4658364e-02
  -1.0356130e+00   4.5221363e-01  -3.2600109e-01
  -1.5209795e-01   2.8143727e-01   1.5085249e-02
  -7.4287511e-01   3.2056910e-01  -1.9321444e-01
   5.7314650e-02   2.2340608e-02   2.7761954e-02
  -1.1709918e+00  -1.1687422e-01  -2.8760298e-01
  -1.1812508e+00   1.5825945e-01  -3.3288187e-01
  -1.1038140e+00   2.5184339e-01  -4.1492685e-01
  -6.9234302e-01   1.6092324e-02  -1.7328053e-01
  -3.2993768e-01   3.0498373e-01  -1.4958014e-01
  -1.0093373e+00  -8.9870268e-01   2.4197566e-01
   2.1240586e-02   2.6092255e-01  -2.7995141e-02
  -9.0999653e-01  -3.3525452e-02  -2.8816717e-01
   7.9219061e-02   1.5976821e-02   1.2855296e-01
  -8.9332972e-02   1.5559312e-01   8.5767675e-02
   2.0962098e-01   1.1719607e-01   8.5579648e-02
  -1.1906865e-01   9.3834346e-02   4.0504394e-02
  -4.8050350e-01   6.8152033e-02  -1.5259959e-01
   1.1375827e-02   2.3183223e-01  -1.2128757e-01
  -3.1172199e-01   1.7121166e-01   2.3313082e-02
  -2.0660606e-01   2.4459925e-01   5.5530133e-02
   8.1653387e-02   2.1514102e-01  -3.7119335e-02
  -6.0504553e-03   2.2635262e-01  -2.2652011e-02
   2.9269946e-01   3.4594443e-01  -1.2148772e-02
  -8.2208807e-01   2.6296538e-01  -1.7844128e-01
  -6.3914276e-02   2.4315043e-02   7.8272343e-02
   1.5567202e-01   9.3632754e-02  -3.6544316e-02
  -6.9984012e-02  -8.2806139e-02  -5.1960082e-02
  -9.4520838e-01   1.4361336e-01  -3.3953741e-01
  -1.8223872e+00   2.9811585e-01  -4.6621913e-01
  -8.0756330e-01   1.7010892e-01  -3.1640847e-01
   4.3184804e-01   2.1024217e-01   3.1091195e-02
   1.3214830e-01   2.8094974e-02   6.8875433e-02
   6.2356521e-02   6.5549217e-02  -3.8504446e-02
  -3.7664894e-02   3.5937572e-03   2.0406432e-02
  -3.1884769e-02   2.5281596e-01   9.5512559e-02
  -9.3387337e-03   1.7295890e-01   8.3105000e-02
  -8.8035094e-01   1.9205114e-01  -2.9506284e-01
  -1.8473377e-01   2.5464534e-02   8.2474717e-03
  -8.1573694e-01   3.4009839e-01  -3.2813006e-01
  -1.1688509e+00   1.7369118e-01  -4.3546810e-01
  -1.3694094e-01   2.9902216e-01   3.2769495e-01
  -2.4390564e-02   3.0060828e-01   4.7941866e-02
   3.4171311e-01   1.4478814e-01   2.5968364e-01
  -6.3982411e-02   1.8647419e-02  -1.0305702e-02
  -6.8661224e-01   2.1262113e-01  -1.2084519e-01
  -1.4077659e-02   1.8648846e-01   9.2982263e-02
  -9.7964348e-02   6.4713766e-02   2.7536849e-02
  -2.7228690e-02  -4.4982299e-03   7.1203093e-02
   1.9325819e-01  -9.5524094e-03  -3.3097023e-02
  -7.3572787e-02   5.3297472e-02  -4.5472415e-02
  -3.2995536e-02   3.1369226e-02  -3.4823739e-02
   2.4569553e-02   2.4077772e-01   3.1802009e-02
  -2.0055950e-01  -8.2353807e-02  -6.8747796e-02
  -1.0215614e-01   5.6516271e-02   4.8623803e-02
   5.7006264e-02   1.1466320e-01  -8.3151087e-02
  -6.0265018e-02   3.4201858e-01   1.7757055e-01
   5.0677643e-01   1.9364782e-02   2.9402166e-01
   8.3978001e-02   5.8010139e-02  -4.6358321e-02
  -1.0115329e+00   4.0498696e-01  -3.1910116e-01
   1.5994482e-01   4.4077447e-01   1.6882474e-01
  -1.0147679e+00   3.4117793e-01  -3.3264567e-01
   4.5146263e-01   6.2464627e-02   3.8095248e-01
  -9.6026466e-01  -8.1649464e-02  -3.1272221e-01
  -2.0573866e-01   1.6651572e-01   5.7359461e-03
   2.0330426e-01  -4.9250024e-02   8.2822105e-02
  -4.4761032e-01  -3.2963487e-02  -1.6458615e-01
   1.8224830e-01   7.0128371e-02   4.7112713e-02
  -1.5941021e+00   2.0990554e-01  -4.7805239e-01
  -1.6915780e+00  -3.4726296e-02  -4.9486751e-01
  -1.0610370e+00   3.9386419e-01  -4.1295422e-01
  -1.2164070e+00   2.3985093e-01  -2.6507918e-01
  -1.4711038e-01   5.7114361e-02  -1.8084404e-02
  -1.2072650e+00   2.3646195e-02  -4.4409994e-01
  -6.2753735e-01   2.3756812e-01  -2.8269276e-01
  -8.8009313e-01   2.5793563e-01  -1.3322509e-01
   7.3517675e-02   3.0196962e-01  -1.5567832e-01
  -4.5356115e-02   6.3251130e-02  -1.0956309e-01
  -1.2917939e-01   3.3569900e-01  -1.3127395e-01
   1.2683921e-01   1.8915036e-01   2.9377597e-01
   6.4686367e-03   2.7437691e-01  -9.2677310e-02
  -3.1044943e-01   9.2469118e-02  -5.3890609e-02
  -1.3484781e-01   3.4750103e-01  -1.6164221e-01
  -1.0328312e+00   4.7737795e-01  -2.7398817e-01
  -1.8123225e+00  -9.6218160e-02  -3.8508338e-01
  -1.9223014e-01   9.7918343e-02  -9.2548442e-02
  -1.1543599e+00   4.8932386e-01  -3.5274916e-01
  -9.2276022e-01   2.3450050e-01  -3.4249024e-01
  -9.3112634e-01   1.2895471e-01  -2.2395091e-01
  -3.4149669e-01   3.4944553e-01  -1.1157687e-01
  -5.7025350e-02   3.9759608e-02   5.2300781e-02
   1.5249902e-01   1.9181071e-01   1.9035539e-01
   5.8572607e-02   1.7933627e-01  -1.9872779e-02
   1.0869599e-01   1.5997482e-01   1.5430977e-02
  -2.4924964e-01   2.9407178e-01  -1.1260093e-02
   3.1335338e-02   1.3619651e-01  -1.3215293e-02
  -4.1805411e-01   1.3194840e-02  -1.8571215e-01
  -9.8196768e-02   1.0790724e-01   4.5003299e-02
  -1.7453566e+00   2.8633172e-01  -5.6565444e-01
  -3.9765256e-01   1.5525653e-01  -9.8639792e-02
  -1.9801265e-01   2.4237539e-01   6.7855739e-02
  -2.0969000e-01   2.1196423e-01  -8.9655124e-02
   1.9573191e-01   5.4019823e-01   7.6347909e-02
  -1.4147035e-01   2.1573210e-01   9.5625553e-02
  -1.3940126e-01  -2.5965189e-02  -3.1497989e-02
  -1.4527178e-01   1.5167153e-01   3.2986926e-02
  -6.7810290e-02   2.9113248e-02   4.4514459e-02
  -4.7288018e-02   2.3850572e-01   1.3447536e-01
  -5.7186587e-02   3.1724094e-01   2.5607424e-03
  -1.1182062e+00   1.8641889e-01  -3.2312940e-01
  -1.2102792e+00   1.3314895e-02  -4.9407069e-01
   2.6826228e-03   3.0077839e-02   7.4798268e-03
  -1.3581998e-01   1.7801884e-01   6.4220524e-02
  -7.7188915e-01   3.6466419e-01  -3.1933067e-01
   6.0168592e-02   2.6302188e-01   1.4654600e-01
   4.6003826e-01   9.0528570e-02   3.5114784e-01
   2.3245963e-01   5.8915391e-02   1.7599485e-01
  -1.9719432e-01   1.1145537e-01   6.8074354e-02
  -1.1464343e+00   2.3562983e-01  -3.6818580e-01
   3.1431460e-01   1.3093065e-01  -1.4962248e-04
   2.1255824e+00  -5.8791582e-01   4.0009036e-02
   5.0984866e-02   1.9419283e-01   1.8713895e-01
   2.0109153e-01   4.1245860e-01   1.0115367e-01
   1.2462358e-01   2.7710760e-02   5.1677658e-03
   3.9830614e-03   4.0412935e-01  -6.3695067e-02
   1.9177778e-01   2.3791476e-02  -7.4640528e-02
  -1.3220656e-01   1.7053475e-02  -2.9093555e-02
  -9.5265244e-01   3.2060444e-01  -2.1942074e-01
   1.9350580e-01   1.8916008e-01   5.1293882e-02
  -1.0737030e+00   1.9276831e-01  -3.2042758e-01
  -3.0561650e-02   2.7350787e-02  -8.7357750e-02
   1.1330389e-01   2.6940473e-02   8.5164107e-02
  -1.8313111e+00   1.1569229e-02  -3.6747052e-01
  -3.0401751e-01   7.2613363e-02  -1.5618909e-02
  -2.7369517e-01   3.7966230e-01  -2.1887311e-01
  -2.9042535e-02   2.4523240e-01   9.1613231e-02
  -6.7820626e-02   2.2346593e-01   1.8544007e-02
   4.0568261e-01   1.5950416e-01   2.3361344e-01
  -9.1684624e-02  -2.8441240e-02  -1.0826386e-01
  -8.0152909e-01  -1.6649554e-01  -2.9661990e-01
  -2.4029837e-01   2.4510021e-01   4.7031808e-02
  -1.1917305e+00   2.9801951e-01  -3.0093616e-01
   4.0651928e-01   3.1762298e-01   1.1922893e-01
  -6.6008124e-01   2.2400863e-01  -2.3090587e-01
  -8.9435559e-01   4.2284245e-01  -1.7068789e-01
  -7.7971653e-01   9.8882050e-02  -2.8881407e-01
   1.3507098e-01   6.2373592e-02  -1.2252486e-01
   2.9815943e-01  -6.0764756e-02   2.0309311e-01
   7.9984410e-02   1.7438921e-01   1.1014783e-01
  -6.0201420e-03   2.5740709e-01   1.2844524e-01
  -1.6599254e-02   2.2889387e-02   1.5414177e-02
  -3.4670125e-01   3.1507027e-01  -1.4991163e-01
  -6.0078529e-01   2.6734773e-01  -6.0689318e-02
  -9.4734982e-02   5.0652550e-01   4.1461593e-01
  -1.0925309e+00   1.3430078e-01  -4.0748749e-01
