  -4.4426819e-02   4.3667877e-03  -4.2596610e-02
  -4.1656356e-02   5.1055093e-03  -3.6683032e-02
  -3.8307157e-02   6.2733980e-03  -3.3494423e-02
  -3.6202165e-02   8.5823608e-03  -2.6231218e-02
  -3.6780270e-02   8.7915297e-03  -2.3768255e-02
  -4.2184412e-02   1.2778992e-02  -2.6386863e-02
  -4.3948983e-02   2.2034434e-02  -2.4395097e-02
  -4.1054724e-02   3.0570605e-02  -1.8060493e-02
  -3.0587586e-02   2.8216428e-02  -5.2639874e-03
  -2.4590866e-02   2.3108774e-02   4.0554031e-03
  -2.1920061e-02   2.0535458e-02   9.5832012e-03
  -2.1340418e-02   2.0566211e-02   1.0720117e-02
  -2.5901902e-02   2.5007384e-02   6.5098371e-03
  -2.8889213e-02   2.6404361e-02   4.1946505e-03
  -3.5141205e-02   3.9661915e-02  -1.6178500e-03
  -3.8493153e-02   4.5733504e-02  -5.2656974e-03
  -3.8312554e-02   4.8039407e-02  -3.7348150e-03
  -3.3520990e-02   4.4185654e-02  -4.7323455e-04
  -2.4832846e-02   3.6599349e-02   4.7669960e-03
  -1.5146690e-02   2.7031147e-02   8.3085342e-03
  -4.3200825e-03   8.3917116e-03   1.1915658e-02
  -4.8658092e-03  -3.0900320e-03   8.6928848e-03
  -1.5634484e-02   2.0270568e-03  -4.5299721e-03
  -1.7756932e-02  -1.5441502e-03  -9.7721607e-03
  -1.5080908e-02  -8.5390428e-03  -9.0429043e-03
  -1.3608813e-02  -1.5548959e-02  -1.1099771e-02
  -1.3467572e-02  -2.1827858e-02  -1.3283836e-02
  -1.0545000e-02  -3.0798049e-02  -1.4379259e-02
  -9.4897243e-03  -3.4446299e-02  -1.4730810e-02
  -9.6927841e-03  -3.5412915e-02  -1.7159432e-02
  -9.6945222e-03  -3.6690345e-02  -1.7823943e-02
  -9.8801962e-03  -3.6136896e-02  -1.7241369e-02
  -1.0512589e-02  -3.5833135e-02  -1.7277787e-02
  -1.0449215e-02  -3.7191995e-02  -1.6258611e-02
  -1.1769161e-02  -3.7429121e-02  -1.4665897e-02
  -1.2810138e-02  -3.6086142e-02  -1.4871852e-02
  -1.1808570e-02  -3.0566356e-02  -1.3674139e-02
  -9.1189390e-03  -2.4383460e-02  -4.7213339e-03
  -1.9231890e-03  -2.3115304e-02   9.6656756e-03
   4.7949668e-03  -2.6067104e-02   2.1985693e-02
   5.3633918e-03  -2.5815925e-02   2.3966830e-02
   1.4814210e-03  -1.7423266e-02   1.4435427e-02
  -4.2262037e-03  -7.0930125e-03   1.0487295e-04
  -6.3497324e-03  -9.2614224e-04  -4.5718282e-03
  -4.4487440e-03  -1.1079065e-03  -8.3407006e-04
  -6.2018882e-03  -3.3069655e-03   5.1805749e-03
  -5.6315529e-03  -5.4776453e-03   1.0226850e-02
  -5.8760211e-03  -5.1274363e-03   1.1242605e-02
  -5.9417929e-03  -4.3092503e-03   1.2520005e-02
  -8.0631345e-03  -2.2088716e-03   1.3780948e-02
  -8.7344339e-03  -1.0263363e-03   1.3387271e-02
  -1.1336173e-02   7.3155527e-04   1.1785498e-02
  -1.2595710e-02  -1.2166328e-04   9.7482210e-03
  -1.7923491e-02   4.4963349e-03   3.4061721e-03
  -2.1056277e-02   1.0177050e-02  -3.6907373e-03
  -2.4710516e-02   1.5823909e-02  -8.8825043e-03
  -2.2599539e-02   1.6999877e-02  -1.1282149e-02
  -1.9583409e-02   1.5742462e-02  -1.0352904e-02
  -1.6701510e-02   1.3925736e-02  -7.4128842e-03
  -1.4094738e-02   1.0647297e-02  -2.7626433e-03
  -1.3994537e-02   1.2308222e-02  -6.5580810e-03
  -1.6323668e-02   1.7051852e-02  -9.0480346e-03
  -1.3248522e-02   1.4361482e-02  -2.1891570e-03
  -1.3755892e-02   1.3216407e-02   1.3654762e-03
  -1.3412286e-02   1.0888882e-02   6.4155720e-03
  -1.3872927e-02   1.2203979e-02   1.0593332e-02
  -1.0682064e-02   1.0735980e-02   1.7009953e-02
  -6.2298657e-03   4.6766596e-03   2.5412900e-02
  -6.8200510e-03   4.2922616e-03   2.8551163e-02
  -8.4605682e-03   5.4502115e-03   2.8365645e-02
  -1.2607401e-02   8.4512932e-03   2.4095414e-02
  -1.7389204e-02   1.1756574e-02   2.0718895e-02
  -1.7682473e-02   9.4200928e-03   1.9960045e-02
  -2.1638852e-02   1.2376527e-02   1.5063180e-02
  -1.9659344e-02   1.0489969e-02   1.3298721e-02
  -1.9612309e-02   8.8121501e-03   8.7231766e-03
  -1.8825565e-02   6.6994984e-03   4.0175435e-03
  -1.9800899e-02   8.4146879e-03  -1.9909565e-03
  -1.8692520e-02   9.9482650e-03  -5.3114786e-03
  -1.8699008e-02   1.0344415e-02  -6.6610223e-03
  -1.9654974e-02   1.2295987e-02  -9.1429376e-03
  -1.8500790e-02   1.0129599e-02  -7.7181697e-03
  -1.7632221e-02   8.8514081e-03  -3.7724180e-03
  -1.8328806e-02   1.1804135e-02  -8.7763133e-05
  -1.7299481e-02   1.2744269e-02   1.2697270e-03
  -1.7552291e-02   1.1203803e-02   6.1145768e-03
  -1.6985894e-02   6.5528081e-03   1.5249274e-02
  -1.7922670e-02   7.5664483e-03   2.0132285e-02
  -2.2294331e-02   1.4107578e-02   1.2921937e-02
  -2.4224940e-02   1.7064238e-02   9.7309654e-03
  -2.8246072e-02   1.8619430e-02   8.7828144e-03
  -3.0301200e-02   2.1251560e-02   1.4217192e-02
  -3.5245409e-02   2.3992335e-02   1.9393167e-02
  -4.3867879e-02   2.6873978e-02   2.9385453e-02
  -5.5676164e-02   3.8536081e-03   6.8773116e-02
  -7.8875403e-02   7.0319623e-03   4.3862302e-02
  -8.1798959e-02   1.6295286e-02   3.2019822e-02
  -8.2884842e-02   3.7252804e-02   1.0490363e-02
  -7.5952014e-02   4.6059743e-02   6.6820964e-03
  -7.1931604e-02   3.9916500e-02   1.6541286e-02
  -7.3178623e-02   3.6318013e-02   2.2518663e-02
  -7.3566192e-02   3.0209079e-02   2.6847639e-02
  -7.3584395e-02   2.5894672e-02   3.4221556e-02
  -6.7386536e-02   1.4602091e-02   4.6026021e-02
  -6.5756439e-02   5.3423692e-03   5.1917714e-02
  -6.6815886e-02   4.5947473e-03   4.8494296e-02
  -6.6183551e-02   1.5509601e-02   3.6338923e-02
  -6.2477377e-02   2.5315343e-02   2.3565516e-02
  -5.3325629e-02   2.3960373e-02   1.8742788e-02
  -4.9081891e-02   1.3258427e-02   2.5551844e-02
  -4.4800473e-02   4.9216671e-03   3.1054300e-02
  -4.3349166e-02   3.7945500e-03   3.1329468e-02
  -4.3788509e-02   9.7448334e-04   3.0810488e-02
  -4.1991409e-02  -5.3279745e-03   3.3990875e-02
  -3.3734329e-02  -1.5841108e-02   3.9344078e-02
  -3.4737906e-02  -1.8744520e-02   3.6586660e-02
  -3.6855815e-02  -1.9153075e-02   3.3207779e-02
  -3.6522965e-02  -1.9658673e-02   3.3721565e-02
  -3.6969244e-02  -1.9930278e-02   3.3845217e-02
  -3.7396981e-02  -1.8545806e-02   3.2201526e-02
  -3.9432704e-02  -1.7932528e-02   2.9698950e-02
  -3.7757449e-02  -1.9894633e-02   2.9914850e-02
  -3.7667793e-02  -1.9698287e-02   3.0524389e-02
  -3.9287111e-02  -1.8735797e-02   2.7933903e-02
  -3.9648179e-02  -1.7612746e-02   2.6727176e-02
  -3.8854766e-02  -1.7348935e-02   2.5404428e-02
  -4.0173280e-02  -1.5167367e-02   2.1973923e-02
  -3.8025180e-02  -1.3976862e-02   2.2715647e-02
  -3.3451854e-02  -1.7935301e-02   2.7957891e-02
  -3.3135863e-02  -1.8930969e-02   3.0538531e-02
  -3.8519989e-02  -1.2298694e-02   2.3614423e-02
  -4.2868436e-02  -5.8452283e-03   1.5886658e-02
  -4.1982527e-02  -5.2368037e-03   1.5879518e-02
  -4.1408524e-02  -5.6342218e-03   1.7546170e-02
  -4.2791447e-02  -3.9916148e-03   1.5175159e-02
  -4.3384973e-02  -2.7904533e-03   1.3173697e-02
  -4.3206670e-02  -2.6853452e-03   1.3350989e-02
  -4.3477442e-02  -2.1209289e-03   1.3226396e-02
  -4.3262231e-02  -1.3224941e-03   1.2921981e-02
  -4.3287715e-02  -6.5935998e-04   1.3321164e-02
  -4.2775422e-02  -4.5186631e-04   1.3307968e-02
  -4.0814229e-02  -1.7019099e-04   1.0270732e-02
  -3.9548038e-02   3.3224692e-03   7.7729396e-03
  -4.0868576e-02   6.6848611e-03   7.1694022e-03
  -4.3500765e-02   1.0056224e-02   6.1291080e-03
  -4.3784462e-02   8.1429086e-03   9.8043767e-03
  -4.6007377e-02   7.6577873e-03   1.3819325e-02
  -4.6427293e-02   6.1841701e-03   1.6252879e-02
  -4.8259249e-02   7.9744799e-03   1.4208872e-02
  -4.8547324e-02   8.0491656e-03   1.2525035e-02
  -5.0683827e-02   9.2936129e-03   9.1881526e-03
  -5.1920128e-02   1.0132472e-02   6.8851534e-03
  -5.3650093e-02   1.0076065e-02   2.7986473e-03
  -5.9274621e-02   6.3629507e-03  -1.4352379e-04
  -6.2026263e-02  -6.2080512e-03   3.8719285e-04
  -7.2888970e-02  -1.0349685e-02  -1.5803493e-03
  -9.2756145e-02  -1.1323605e-02  -1.4162268e-02
  -1.0858513e-01  -8.1279260e-03  -2.8211907e-02
  -1.1798551e-01  -5.6772525e-03  -3.3483458e-02
  -1.2570837e-01  -5.7400739e-03  -3.5608841e-02
  -1.3758583e-01  -7.1239092e-03  -3.9779576e-02
  -1.4676605e-01  -8.6040406e-03  -3.9266859e-02
  -1.5451401e-01  -1.5882001e-02  -3.6447916e-02
  -1.7554952e-01  -1.8592214e-02  -4.5753297e-02
  -1.9528660e-01  -3.2462671e-02  -5.3301295e-02
  -1.9553907e-01  -1.8751830e-02  -5.0436770e-02
  -1.9055784e-01  -6.2379084e-03  -5.4467607e-02
  -1.8481040e-01   1.9478201e-02  -5.7605185e-02
  -1.5467917e-01   3.8212742e-02  -4.6642965e-02
  -1.4067159e-01   4.3388701e-02  -3.6193481e-02
  -1.3600479e-01   4.4125535e-02  -2.7737524e-02
  -1.3925449e-01   4.4392791e-02  -2.4536263e-02
  -1.4078698e-01   4.2081413e-02  -1.8097978e-02
  -1.3672477e-01   3.3706453e-02  -7.4920320e-03
  -1.3306091e-01   2.1663137e-02   3.9284179e-03
  -1.3781309e-01   1.6554529e-02   1.9961252e-03
  -1.4009674e-01   2.7530197e-03   1.2386363e-02
  -1.4532888e-01  -1.2790218e-02   2.3639508e-02
  -1.5981831e-01   8.2385526e-03   3.5992465e-03
  -1.6738716e-01   2.2118833e-02  -1.4729338e-02
  -1.6444362e-01   2.5785011e-02  -1.5642514e-02
  -1.5795964e-01   2.4935298e-02  -1.2127228e-02
  -1.5894854e-01   2.7568755e-02  -1.3672759e-02
  -1.6068949e-01   2.8930455e-02  -1.8561141e-02
  -1.5336768e-01   2.6302686e-02  -1.6692590e-02
  -1.4484364e-01   2.1521020e-02  -1.6138817e-02
  -1.4058266e-01   2.3612280e-02  -1.4250228e-02
  -1.2993950e-01   2.6058878e-02  -1.4722171e-02
  -1.2872867e-01   3.2988595e-02  -1.5864104e-02
  -1.2322732e-01   3.4619117e-02  -1.1865433e-02
  -1.2584412e-01   3.5367300e-02  -1.3862971e-02
  -1.2930035e-01   3.8833334e-02  -1.4317921e-02
  -1.2337380e-01   3.3338319e-02  -4.9339852e-03
  -1.1968839e-01   2.8527181e-02  -2.1045659e-03
  -1.2237310e-01   3.3953496e-02  -8.4394569e-03
  -1.2267562e-01   3.4375133e-02  -6.8851926e-03
  -1.2004594e-01   2.9337943e-02  -8.2933252e-04
  -1.1988522e-01   2.6617729e-02   2.3225044e-03
  -1.2389866e-01   2.9498412e-02   7.4896564e-04
  -1.2261896e-01   2.6201313e-02   9.3437643e-05
  -1.2186872e-01   2.9510994e-02  -2.4578816e-03
  -1.2134754e-01   2.8285812e-02  -5.5364162e-03
  -1.2351466e-01   2.6733411e-02  -2.0312846e-03
  -1.2203845e-01   2.5873130e-02   3.6638360e-03
  -1.2231394e-01   2.5995633e-02   3.5484198e-03
  -1.2418147e-01   2.2639227e-02   2.2388243e-03
  -1.2445304e-01   2.5081998e-02   4.0226523e-03
  -1.2585743e-01   2.3783578e-02   3.8691683e-03
  -1.2067658e-01   1.9298875e-02   9.7266891e-03
  -1.2081097e-01   1.9388850e-02   1.0631053e-02
  -1.2100359e-01   2.2238650e-02   8.2318581e-03
  -1.2111806e-01   2.2020941e-02   8.3105674e-03
  -1.1967793e-01   2.0027792e-02   1.2385366e-02
  -1.1791928e-01   1.7392017e-02   1.6165146e-02
  -1.1858467e-01   1.6857157e-02   1.7366311e-02
  -1.1790727e-01   1.4795068e-02   1.9242783e-02
  -1.1762482e-01   1.4468723e-02   2.0318413e-02
  -1.1717424e-01   1.4578629e-02   2.1744942e-02
  -1.1630154e-01   1.4005704e-02   2.4155878e-02
  -1.1653252e-01   1.4457711e-02   2.4313843e-02
  -1.1651330e-01   1.4991557e-02   2.4986955e-02
  -1.1651574e-01   1.5427461e-02   2.5396730e-02
  -1.1549660e-01   1.4757591e-02   2.7049977e-02
  -1.1542117e-01   1.5056144e-02   2.7909423e-02
  -1.1574768e-01   1.5433054e-02   2.7831349e-02
  -1.1564243e-01   1.5392090e-02   2.8347955e-02
  -1.1481825e-01   1.4613635e-02   2.9220364e-02
  -1.1252302e-01   1.3666423e-02   2.9256215e-02
  -1.1263217e-01   1.2204977e-02   2.8121115e-02
  -1.1522694e-01   1.3037767e-02   2.8648059e-02
  -1.1444254e-01   1.2570776e-02   2.8896230e-02
  -1.1451661e-01   1.2980857e-02   2.8760341e-02
  -1.1581175e-01   1.5719172e-02   2.4801716e-02
  -1.1639714e-01   1.6754013e-02   2.2665023e-02
  -1.1537783e-01   1.6553494e-02   2.2641568e-02
  -1.1324632e-01   1.4229164e-02   2.4932845e-02
  -1.1312056e-01   1.3798272e-02   2.4985054e-02
  -1.1293402e-01   1.3256708e-02   2.6465632e-02
  -1.1211045e-01   1.1578734e-02   2.9471226e-02
  -1.1217672e-01   1.2078245e-02   3.0275895e-02
  -1.1219886e-01   1.2826955e-02   3.0580210e-02
  -1.1200966e-01   1.3270595e-02   3.1210946e-02
  -1.1189077e-01   1.3652717e-02   3.2615937e-02
  -1.1217147e-01   1.3441917e-02   3.4795479e-02
  -1.1043083e-01   1.2591849e-02   3.8832821e-02
  -1.0654595e-01   6.9730338e-03   4.2896371e-02
  -1.0665061e-01   6.0285764e-03   4.2355095e-02
  -1.1308424e-01   1.5819659e-02   3.4406304e-02
  -1.0885275e-01   2.4289490e-02   2.6602132e-02
  -1.0725153e-01   2.4065551e-02   2.1263491e-02
  -1.1452181e-01   3.9119018e-02   9.4793182e-03
  -1.1598989e-01   5.7863178e-02   2.3561053e-04
  -1.1013714e-01   6.6093300e-02   2.4207560e-04
  -9.6083156e-02   6.8459473e-02   7.5395356e-03
  -8.7498213e-02   7.1146061e-02   1.1854377e-02
  -8.3840372e-02   7.2559801e-02   1.2699955e-02
  -8.3673594e-02   7.1904811e-02   1.3621866e-02
  -8.4122239e-02   7.0552712e-02   1.9583703e-02
  -8.5881246e-02   6.5675316e-02   2.3467847e-02
  -8.5848205e-02   6.3874892e-02   2.5124766e-02
  -8.0363920e-02   5.5783971e-02   3.2292290e-02
  -7.7032602e-02   5.1224347e-02   3.9376346e-02
  -7.6098689e-02   4.5260387e-02   4.8618369e-02
  -7.7936441e-02   4.2494219e-02   5.1819770e-02
  -8.0290518e-02   4.1954588e-02   5.2394976e-02
  -8.2003879e-02   4.4552162e-02   5.3700291e-02
  -8.0584406e-02   4.3724071e-02   5.5477929e-02
  -8.2031285e-02   4.6475096e-02   5.2291982e-02
  -8.3702026e-02   4.8125633e-02   4.7356039e-02
  -8.3330046e-02   4.7429392e-02   4.6159076e-02
  -8.5976162e-02   4.6170923e-02   4.3617611e-02
  -9.1057589e-02   4.7665752e-02   4.3131986e-02
  -9.2012117e-02   4.5594958e-02   4.4174364e-02
  -9.1563050e-02   4.3184472e-02   4.3285468e-02
  -9.1517603e-02   4.3411085e-02   4.2893741e-02
  -8.8823203e-02   3.9995598e-02   4.3574160e-02
  -8.6883198e-02   3.6411004e-02   4.5750349e-02
  -9.0246737e-02   3.7789674e-02   4.3397405e-02
  -9.3371280e-02   3.9876820e-02   3.8403889e-02
  -9.2577176e-02   3.8646637e-02   3.9568952e-02
  -9.1529955e-02   3.5449109e-02   4.1425505e-02
  -9.3316687e-02   3.6350630e-02   3.9577979e-02
  -9.4579200e-02   3.8443622e-02   3.8059617e-02
  -9.2874096e-02   3.6873676e-02   3.9933629e-02
  -9.3923812e-02   3.7825141e-02   3.9059280e-02
  -9.2835033e-02   3.6149415e-02   3.9736552e-02
  -8.9294779e-02   2.8893635e-02   4.2962534e-02
  -8.7767897e-02   2.0978269e-02   4.6541920e-02
  -9.0070487e-02   1.4724891e-02   4.6338058e-02
  -9.2113309e-02   1.0203813e-02   4.6304397e-02
  -9.4567038e-02   8.8608115e-03   5.0006908e-02
  -1.0176777e-01   1.2123188e-02   5.1919571e-02
  -1.1626648e-01   2.0070931e-02   5.0832966e-02
  -1.4300922e-01   4.5531579e-02   4.0217256e-02
  -1.6021180e-01   6.2305605e-02   3.0087037e-02
  -1.6908512e-01   6.9455336e-02   2.9314012e-02
  -1.7348333e-01   7.3811339e-02   2.8375697e-02
  -1.8048399e-01   8.4112914e-02   1.9989258e-02
  -1.7539686e-01   9.0687249e-02   1.4079630e-02
  -1.6753136e-01   9.0062097e-02   2.0598245e-02
  -1.5243599e-01   8.7258755e-02   2.8640849e-02
  -1.5062235e-01   9.5359576e-02   2.7367972e-02
  -1.4996384e-01   1.0389196e-01   2.4390086e-02
  -1.4332675e-01   1.0135817e-01   3.0688767e-02
  -1.4087078e-01   1.0172687e-01   3.5906249e-02
  -1.4082875e-01   1.0372557e-01   3.6489947e-02
  -1.3967671e-01   1.0330175e-01   3.6993968e-02
  -1.3784801e-01   1.0305516e-01   3.6106845e-02
  -1.3695688e-01   1.0447788e-01   3.6325105e-02
  -1.3618860e-01   1.0530074e-01   3.6052756e-02
  -1.3337119e-01   1.0639776e-01   3.8746167e-02
  -1.3409295e-01   1.0901610e-01   3.8318077e-02
  -1.3472844e-01   1.1328680e-01   3.7885740e-02
  -1.3181326e-01   1.1317076e-01   4.0716423e-02
  -1.3026196e-01   1.1307970e-01   4.4062976e-02
  -1.3102231e-01   1.1611989e-01   4.4743204e-02
  -1.3074456e-01   1.1817549e-01   4.7223409e-02
  -1.3086765e-01   1.2172596e-01   4.8845800e-02
  -1.2958886e-01   1.2579330e-01   5.0270864e-02
  -1.2899492e-01   1.2801977e-01   5.2299176e-02
  -1.2835582e-01   1.2893974e-01   5.3462912e-02
  -1.2758128e-01   1.3287970e-01   5.2603049e-02
  -1.2938289e-01   1.4145803e-01   4.8835429e-02
  -1.2817410e-01   1.4576273e-01   4.9281665e-02
  -1.2801522e-01   1.4897395e-01   5.1267825e-02
  -1.2857994e-01   1.4798311e-01   5.0111966e-02
  -1.2761347e-01   1.4523717e-01   4.7686486e-02
  -1.2427230e-01   1.3972988e-01   4.8436453e-02
  -1.1783886e-01   1.2924551e-01   5.4665818e-02
  -1.1628947e-01   1.2241575e-01   5.6645260e-02
  -1.1704934e-01   1.1914980e-01   5.5642580e-02
  -1.1587506e-01   1.1378394e-01   5.7455084e-02
  -1.1665841e-01   1.1427654e-01   5.7584996e-02
  -1.1801286e-01   1.1433932e-01   5.5377586e-02
  -1.1906063e-01   1.1310807e-01   5.2419222e-02
  -1.1811610e-01   1.0977723e-01   5.1577521e-02
  -1.1950455e-01   1.0981328e-01   4.9058221e-02
  -1.2044024e-01   1.0961539e-01   4.6360489e-02
  -1.2035535e-01   1.1015149e-01   4.6910887e-02
  -1.2036494e-01   1.1050373e-01   4.7068498e-02
  -1.1970314e-01   1.1027869e-01   4.8302103e-02
  -1.1816147e-01   1.0940475e-01   5.2243134e-02
  -1.1827581e-01   1.1019680e-01   5.3226556e-02
  -1.1924363e-01   1.1259211e-01   5.3071364e-02
  -1.1874803e-01   1.1322172e-01   5.3329846e-02
  -1.1857494e-01   1.1324122e-01   5.3362558e-02
  -1.1877808e-01   1.1281228e-01   5.2277283e-02
  -1.1974331e-01   1.1312284e-01   5.1145230e-02
  -1.1946572e-01   1.1351034e-01   5.1759094e-02
  -1.1816116e-01   1.1265622e-01   5.2436995e-02
  -1.1667172e-01   1.0965490e-01   5.1874806e-02
  -1.1615564e-01   1.0539898e-01   5.2725113e-02
  -1.1601019e-01   1.0031375e-01   5.3559802e-02
  -1.1796153e-01   9.9371937e-02   5.1283076e-02
  -1.1915080e-01   9.9300373e-02   4.9783406e-02
  -1.1866470e-01   9.9938424e-02   4.9127125e-02
  -1.2526458e-01   1.0711745e-01   3.9720632e-02
  -1.2692946e-01   1.1227711e-01   3.3356198e-02
  -1.2218131e-01   1.1346571e-01   2.7630173e-02
  -1.0493639e-01   1.1017072e-01   2.7478571e-02
  -1.0732774e-01   1.2204236e-01   1.4355170e-02
  -1.3507637e-01   1.4945086e-01  -1.0245327e-02
  -1.6369041e-01   1.7521743e-01  -2.7703923e-02
  -1.6378475e-01   1.7137922e-01  -1.5223133e-02
  -1.5858607e-01   1.6114158e-01   1.5183902e-03
  -1.6304701e-01   1.6201941e-01   2.9156229e-03
  -1.8544705e-01   1.7808074e-01  -1.2404907e-02
  -1.9588677e-01   1.8678363e-01  -2.1999467e-02
  -1.9673231e-01   1.9139929e-01  -2.5530297e-02
  -1.8262721e-01   1.8560311e-01  -1.7067451e-02
  -1.6869413e-01   1.7502043e-01  -6.0822471e-03
  -1.6147688e-01   1.7155078e-01  -5.6989035e-06
  -1.6304624e-01   1.7193244e-01   5.8168677e-04
  -1.5126157e-01   1.6294676e-01   6.1490574e-03
  -1.4269259e-01   1.5643336e-01   1.2237220e-02
  -1.4218529e-01   1.5398449e-01   1.9266267e-02
  -1.4448237e-01   1.5146508e-01   2.5675311e-02
  -1.4732094e-01   1.5248518e-01   3.2787545e-02
  -1.4821293e-01   1.5504563e-01   3.7016045e-02
  -1.4284303e-01   1.5049562e-01   3.5195763e-02
  -1.4776353e-01   1.5139566e-01   2.8803028e-02
  -1.3953361e-01   1.4954956e-01   3.0523127e-02
  -1.3323542e-01   1.4320280e-01   3.5011383e-02
  -1.4249064e-01   1.4699626e-01   3.9574062e-02
  -1.4191133e-01   1.3723550e-01   4.8076008e-02
  -1.4651150e-01   1.4190564e-01   4.3013802e-02
  -1.4935825e-01   1.4681756e-01   3.4774917e-02
  -1.4648083e-01   1.4782932e-01   2.2404664e-02
  -1.5217827e-01   1.5611285e-01   1.3472471e-02
  -1.3752740e-01   1.4252866e-01   3.2064012e-02
  -1.2323024e-01   1.2657135e-01   5.5181519e-02
  -1.2104612e-01   1.2553408e-01   6.0694094e-02
  -1.1920084e-01   1.2713661e-01   5.6280811e-02
  -1.2028469e-01   1.3190703e-01   4.8137754e-02
  -1.2387079e-01   1.3761489e-01   4.0341440e-02
  -1.2436954e-01   1.3823058e-01   3.8249109e-02
  -1.2231448e-01   1.3381017e-01   4.2348644e-02
  -1.2180777e-01   1.3278308e-01   4.2565501e-02
  -1.2178861e-01   1.3311921e-01   4.2446881e-02
  -1.2128229e-01   1.3184645e-01   4.5059511e-02
  -1.2069286e-01   1.3174346e-01   4.6467599e-02
  -1.1940409e-01   1.3179881e-01   4.8982725e-02
  -1.1904881e-01   1.3132745e-01   5.0895459e-02
  -1.1890309e-01   1.3233181e-01   5.1024686e-02
  -1.1930586e-01   1.3377646e-01   5.1056012e-02
  -1.1852299e-01   1.3424967e-01   5.3748891e-02
  -1.1732098e-01   1.3390488e-01   5.4902321e-02
  -1.1509157e-01   1.3215228e-01   5.5066447e-02
  -1.1392543e-01   1.2754162e-01   5.4949796e-02
  -1.1111249e-01   1.2080565e-01   5.5563005e-02
  -1.1109675e-01   1.1784720e-01   5.4298611e-02
  -1.0980229e-01   1.1525909e-01   5.1440524e-02
  -1.0823836e-01   1.1104455e-01   5.2014042e-02
  -1.0846689e-01   1.0789574e-01   5.2948946e-02
  -1.1008312e-01   1.0589551e-01   5.4801724e-02
  -1.1009807e-01   1.0401987e-01   5.4509485e-02
  -1.0799896e-01   1.0295830e-01   4.9411534e-02
  -1.0742531e-01   1.0081559e-01   4.2153191e-02
  -1.0740163e-01   1.0008516e-01   3.8447588e-02
  -1.0633743e-01   9.8590336e-02   3.7739139e-02
  -1.0974031e-01   1.0109212e-01   3.4539778e-02
  -1.1071827e-01   1.0180362e-01   2.7728714e-02
  -1.1072515e-01   1.0174755e-01   2.0813147e-02
  -1.0832891e-01   1.0069223e-01   1.7665335e-02
  -1.0154419e-01   9.6591883e-02   1.8030520e-02
  -9.4665667e-02   9.7714951e-02   1.6109610e-02
  -7.9339370e-02   8.9265519e-02   2.0569574e-02
  -8.3889350e-02   9.0333171e-02   3.4872940e-02
  -9.8540301e-02   9.3311742e-02   5.0834325e-02
  -1.0917410e-01   9.4037788e-02   6.4384469e-02
  -1.1658731e-01   8.6363035e-02   7.9347353e-02
  -1.1528217e-01   7.3908852e-02   9.7867872e-02
  -1.0924957e-01   4.7969355e-02   1.1922245e-01
  -1.2510445e-01   4.4095846e-02   1.2838702e-01
  -1.2193919e-01   2.8357683e-02   1.2337936e-01
  -1.3062337e-01  -1.8403506e-02   1.1766913e-01
  -1.4451832e-01  -5.7561770e-02   1.3112256e-01
  -1.4700481e-01  -3.2305596e-02   1.2085599e-01
  -1.4902475e-01  -1.1024346e-02   9.4613706e-02
  -1.4645565e-01   3.0902861e-03   7.7497387e-02
  -1.2278637e-01   4.6477481e-03   8.0775155e-02
  -5.6549407e-02   1.7897228e-02   8.9460911e-02
  -2.7119937e-02   3.2305958e-02   8.4223371e-02
  -3.0958804e-02   2.6218968e-02   7.3979127e-02
  -2.7979427e-02   1.1752612e-02   6.9090615e-02
  -3.0329217e-02  -2.9765837e-02   6.7238333e-02
  -4.2954003e-02  -2.8281014e-02   8.3586365e-02
  -3.4087240e-02  -2.1530903e-02   8.5105740e-02
  -2.1704055e-02  -2.0007382e-02   8.9200344e-02
  -3.2398941e-03  -2.9609677e-02   9.3298533e-02
  -7.0291384e-03  -3.0834143e-02   9.5332640e-02
  -1.2696484e-02  -1.9928036e-02   9.6185352e-02
  -1.7035886e-02  -1.2340686e-02   9.9047975e-02
  -1.6798603e-02  -1.0125067e-02   1.0051163e-01
  -1.9146921e-02  -1.7299191e-02   1.1195454e-01
  -2.0099856e-02  -2.4657510e-02   1.2573401e-01
  -3.0875999e-02  -1.7914809e-02   1.1708558e-01
  -3.2600098e-02  -9.7482202e-03   1.0651560e-01
  -2.8583564e-02  -7.9928032e-03   1.0059559e-01
  -2.1972017e-02  -6.7830071e-03   9.8422668e-02
  -1.9537436e-02  -3.2371319e-03   9.0310740e-02
  -2.1342590e-02   2.3120000e-03   8.3416159e-02
  -2.5287313e-02   5.3593306e-03   8.2109579e-02
  -2.6655481e-02   5.8198190e-03   8.2130256e-02
  -3.0167471e-02   9.2604237e-03   7.8873118e-02
  -2.4609263e-02   1.1487469e-03   7.8989609e-02
  -1.6880375e-02  -9.6192270e-03   7.6319480e-02
  -9.5716483e-03  -1.6323291e-02   6.8099677e-02
  -9.8113623e-03  -1.9474195e-02   6.0730833e-02
   2.3584314e-02  -4.1328616e-02   6.2847446e-02
   5.4416657e-02  -5.8942592e-02   6.2371538e-02
   7.8456950e-02  -5.9706102e-02   4.7218976e-02
   1.0436980e-01  -4.9405822e-02   4.0798125e-02
   1.2978122e-01  -4.7015557e-02   4.4419070e-02
   1.3403787e-01  -5.2948581e-02   5.1708820e-02
   1.1408185e-01  -6.0318355e-02   5.4827953e-02
   1.0786946e-01  -6.4176912e-02   5.3290941e-02
   1.2943558e-01  -7.0976269e-02   5.1618673e-02
   1.3298665e-01  -7.3744006e-02   4.9990348e-02
   1.2119319e-01  -6.6389285e-02   4.4354440e-02
   1.1129300e-01  -7.3508436e-02   4.2148034e-02
   1.2530294e-01  -9.7509528e-02   4.9723426e-02
   1.6228100e-01  -1.2887849e-01   6.6354443e-02
   1.6280230e-01  -1.2291310e-01   7.4689560e-02
   1.2529584e-01  -7.0005119e-02   8.1900330e-02
   8.5224713e-02  -1.3797964e-03   8.4910696e-02
   5.0087829e-02   6.0125138e-02   8.4188740e-02
   2.0581189e-02   1.2594007e-01   8.8024159e-02
   1.1282234e-02   2.1345422e-01   9.1560588e-02
   2.2561738e-02   3.1022257e-01   9.0900883e-02
   4.7127673e-02   3.5514713e-01   7.5237593e-02
   4.8272352e-02   3.3539649e-01   8.0960503e-02
   3.7692234e-02   3.3638145e-01   7.6957100e-02
   2.5256699e-02   3.3714142e-01   7.0930879e-02
   9.5126544e-03   3.1001778e-01   6.6646434e-02
   5.8065887e-03   2.9202650e-01   6.8855368e-02
   1.3009261e-02   2.7029333e-01   7.0208059e-02
   6.8793028e-03   2.5319090e-01   6.1547904e-02
   8.4202828e-03   2.4584055e-01   5.9916464e-02
   8.3436622e-03   2.4211555e-01   5.9409118e-02
   1.0066751e-02   2.3892071e-01   5.3587448e-02
   6.8361538e-03   2.4292186e-01   4.6561920e-02
   1.4505613e-02   2.3908595e-01   4.4518018e-02
   1.9079242e-02   2.3506823e-01   4.4760451e-02
   2.0960280e-02   2.3138814e-01   4.6335273e-02
   2.5792744e-02   2.2206759e-01   4.9729444e-02
   2.9720543e-02   2.1309048e-01   5.3809846e-02
   3.2924935e-02   2.0241393e-01   5.6220102e-02
   4.0219221e-02   1.8277738e-01   6.3425217e-02
   4.3584317e-02   1.6892402e-01   6.7899938e-02
   4.3482259e-02   1.7479413e-01   6.2822478e-02
   4.1041888e-02   1.7974940e-01   5.8018876e-02
   4.1687659e-02   1.7935720e-01   5.8998154e-02
   5.8013936e-02   1.6637679e-01   6.7723374e-02
   5.9481096e-02   1.5295798e-01   8.0067199e-02
   6.1268787e-02   1.4875830e-01   8.4564997e-02
  -9.6976000e-03   1.6474018e-01   7.0706245e-02
  -1.1851946e-01   2.0248618e-01   3.9924986e-02
  -1.4008451e-01   2.1094525e-01   3.2929503e-02
  -1.4147108e-01   2.0467616e-01   4.1703106e-02
  -1.3950830e-01   1.9632091e-01   5.1000941e-02
  -1.4489084e-01   1.9632116e-01   4.5942919e-02
  -1.4940385e-01   1.9700796e-01   4.0372227e-02
  -1.4987493e-01   1.9720585e-01   3.6930532e-02
  -1.4133394e-01   1.8921734e-01   3.9680515e-02
  -1.3737187e-01   1.8821129e-01   4.1388320e-02
  -1.4802887e-01   1.9233641e-01   3.0602500e-02
  -1.6309621e-01   2.0382643e-01   2.2567708e-02
  -1.7500450e-01   2.0293462e-01   2.0280578e-02
  -1.9491290e-01   2.0352901e-01   2.0467828e-02
  -2.0473795e-01   2.0707492e-01   3.0084614e-02
  -2.0620699e-01   2.1299008e-01   4.1084041e-02
  -2.1478549e-01   2.2418119e-01   6.5923209e-02
  -2.1370471e-01   2.2462914e-01   7.4541437e-02
  -2.2499087e-01   2.2661723e-01   7.2351679e-02
  -2.3646413e-01   2.3578481e-01   8.1177833e-02
  -2.4219585e-01   2.4652588e-01   8.5189097e-02
  -2.3963086e-01   2.3762942e-01   8.4410570e-02
  -2.4051138e-01   2.2796774e-01   8.2543215e-02
  -2.4605354e-01   2.2108675e-01   8.7665271e-02
  -2.4183529e-01   2.0931581e-01   8.9391083e-02
  -2.3872235e-01   1.9862231e-01   7.8694319e-02
  -2.4209105e-01   1.9020748e-01   6.8302113e-02
  -2.4498853e-01   1.8836870e-01   6.1926380e-02
  -2.3952852e-01   1.8296305e-01   6.3619070e-02
  -2.3120309e-01   1.7947759e-01   6.1715767e-02
  -2.2352492e-01   1.7612638e-01   5.6423703e-02
  -2.2307480e-01   1.7526058e-01   5.0815580e-02
  -2.1844375e-01   1.7244607e-01   4.8894570e-02
  -2.1452801e-01   1.7030515e-01   4.9341063e-02
  -2.1444779e-01   1.7079137e-01   5.0606531e-02
  -2.3256285e-01   1.8300967e-01   4.7614771e-02
  -2.4676282e-01   1.9569372e-01   4.7293339e-02
  -2.4683118e-01   1.9746522e-01   5.0696389e-02
  -2.4590531e-01   1.9991952e-01   5.3932929e-02
  -2.4948172e-01   2.0906451e-01   5.3414111e-02
  -2.4971047e-01   2.2046674e-01   5.5571698e-02
  -2.4313616e-01   2.1617802e-01   5.4885849e-02
  -2.4983493e-01   2.2655578e-01   4.7191888e-02
  -2.5390358e-01   2.3955728e-01   3.7910030e-02
  -2.5849936e-01   2.3493518e-01   5.4519204e-02
  -2.6530236e-01   2.4064647e-01   5.9323530e-02
  -2.6660667e-01   2.4593570e-01   5.7781024e-02
  -2.7156664e-01   2.4433902e-01   5.8341137e-02
  -2.6215146e-01   2.2789884e-01   6.9680937e-02
  -2.6314486e-01   2.1655650e-01   7.8238734e-02
  -2.5925772e-01   2.0285572e-01   8.9678198e-02
  -2.5263831e-01   1.9557750e-01   9.5900632e-02
  -2.4997388e-01   1.8738393e-01   9.1375736e-02
  -2.5512390e-01   1.7835214e-01   8.3639508e-02
  -2.5910377e-01   1.7859475e-01   8.1455593e-02
  -2.5241071e-01   1.7784842e-01   8.5671971e-02
  -2.0958276e-01   1.6282892e-01   9.5951214e-02
  -1.8688080e-01   1.5866305e-01   1.0149646e-01
  -1.7937525e-01   1.5126796e-01   1.0956589e-01
  -1.7269537e-01   1.4571404e-01   1.1862231e-01
  -1.7641374e-01   1.4821726e-01   1.1406730e-01
  -1.8374921e-01   1.5696918e-01   1.0599260e-01
  -1.8484915e-01   1.5280301e-01   1.0549611e-01
  -1.8408298e-01   1.4654752e-01   1.1131355e-01
  -1.8010565e-01   1.4274831e-01   1.1556818e-01
  -1.8343992e-01   1.4380784e-01   1.1260785e-01
  -1.8845756e-01   1.4214685e-01   1.1367633e-01
  -1.9598097e-01   1.4157576e-01   1.1207870e-01
  -2.0344532e-01   1.4146177e-01   1.0653311e-01
  -2.1412619e-01   1.4640703e-01   1.0456264e-01
  -2.2243684e-01   1.4167905e-01   1.1298421e-01
  -2.3341906e-01   1.3769608e-01   1.1915453e-01
  -2.4008329e-01   1.3336072e-01   1.1464379e-01
  -2.4757853e-01   1.3109735e-01   1.0734989e-01
  -2.6249179e-01   1.3265654e-01   1.0174148e-01
  -2.7388600e-01   1.3305183e-01   1.0008534e-01
  -2.7968038e-01   1.3445932e-01   1.0218797e-01
  -2.8701914e-01   1.3841659e-01   9.9201528e-02
  -2.9581101e-01   1.4012243e-01   9.4288309e-02
  -2.9834258e-01   1.3270214e-01   9.1872947e-02
  -2.9643087e-01   1.2530846e-01   9.4462074e-02
  -2.9796642e-01   1.2513098e-01   9.4558739e-02
  -2.9745760e-01   1.2239166e-01   9.6100081e-02
  -2.9825447e-01   1.1987078e-01   9.6474153e-02
  -2.9932964e-01   1.1975979e-01   9.5025817e-02
  -3.0127981e-01   1.2229046e-01   9.1775207e-02
  -2.9970176e-01   1.1835921e-01   9.4022087e-02
  -2.9950363e-01   1.1705227e-01   9.4660719e-02
  -3.0265503e-01   1.1760712e-01   9.3037928e-02
  -3.0835499e-01   1.2030468e-01   9.1498497e-02
  -3.0843196e-01   1.1953641e-01   9.2305898e-02
  -3.0980461e-01   1.2008344e-01   8.9631197e-02
  -3.1045658e-01   1.2045849e-01   8.7172462e-02
  -3.1184063e-01   1.2118315e-01   8.5040541e-02
  -3.1187474e-01   1.2196142e-01   8.5474021e-02
  -3.1110635e-01   1.2227002e-01   8.6752149e-02
  -3.0366042e-01   1.1352600e-01   9.2571200e-02
  -3.0186617e-01   1.0946036e-01   9.9918029e-02
  -3.0180115e-01   1.0862504e-01   1.0402271e-01
  -2.9850029e-01   1.0548320e-01   1.0904070e-01
  -2.8815828e-01   9.5585352e-02   1.1257855e-01
  -2.7933976e-01   8.9476319e-02   1.0649738e-01
  -2.6169600e-01   8.1086644e-02   9.7785889e-02
  -2.5011607e-01   8.1122034e-02   9.2639784e-02
  -2.4447345e-01   8.4202970e-02   8.6949649e-02
  -2.3599376e-01   8.7867736e-02   8.3576258e-02
  -2.2750740e-01   9.0954445e-02   8.1985354e-02
  -2.2842991e-01   9.9567877e-02   7.6057782e-02
  -2.2649330e-01   1.0688875e-01   7.3649351e-02
  -2.2981239e-01   1.1435832e-01   7.1798726e-02
  -2.3679974e-01   1.3028411e-01   7.0838741e-02
  -2.3823837e-01   1.4629522e-01   6.9369072e-02
  -2.4615481e-01   1.5808914e-01   6.4721568e-02
  -2.4846142e-01   1.6445827e-01   6.4873746e-02
  -2.5060926e-01   1.7120601e-01   6.9168117e-02
  -2.5586401e-01   1.7819483e-01   7.4434825e-02
  -2.5764711e-01   1.8136220e-01   7.7787431e-02
  -2.7071935e-01   1.9188147e-01   7.5060088e-02
  -2.7633196e-01   2.0297137e-01   7.3447724e-02
  -2.8507095e-01   2.2261222e-01   6.6472989e-02
  -2.9321716e-01   2.4706566e-01   5.8811144e-02
  -2.9880839e-01   2.6436961e-01   5.4741632e-02
  -2.9559371e-01   2.7298756e-01   5.9523023e-02
  -2.9206258e-01   2.8071996e-01   6.4024221e-02
  -2.8598180e-01   2.9227546e-01   6.7220446e-02
  -2.7779276e-01   3.0360802e-01   6.7159949e-02
  -2.7632780e-01   2.8276665e-01   6.8457221e-02
  -2.7893515e-01   2.6819000e-01   7.2631297e-02
  -2.8767020e-01   2.4806364e-01   7.0412446e-02
  -3.0049083e-01   2.3240350e-01   6.2145788e-02
  -3.0578114e-01   2.2527928e-01   5.4797075e-02
  -3.0163306e-01   2.0920753e-01   5.3424187e-02
  -3.0245838e-01   1.9673579e-01   5.3320542e-02
  -3.1005322e-01   1.9861543e-01   5.4937116e-02
  -3.1463878e-01   2.0355262e-01   5.0596886e-02
  -3.1891761e-01   2.1474219e-01   4.3337366e-02
  -3.3109586e-01   2.3872453e-01   3.6579618e-02
  -3.3871052e-01   2.5491761e-01   3.6461524e-02
  -3.3879011e-01   2.6306215e-01   4.6307101e-02
  -3.3573496e-01   2.7042149e-01   4.9862469e-02
  -3.3734177e-01   2.7818481e-01   4.4715462e-02
  -3.2741649e-01   2.6733945e-01   4.6932082e-02
  -3.1244561e-01   2.4424338e-01   5.9474812e-02
  -3.1342463e-01   2.3918507e-01   6.2758941e-02
  -3.1194505e-01   2.3078861e-01   5.6572905e-02
  -3.2107297e-01   2.2587531e-01   4.5088612e-02
  -3.2321038e-01   2.2637890e-01   4.0896914e-02
  -3.2056664e-01   2.2492081e-01   4.4776364e-02
  -3.2210853e-01   2.2599617e-01   4.4129584e-02
  -3.2507067e-01   2.2813863e-01   4.2456964e-02
  -3.2674028e-01   2.2687406e-01   3.6549694e-02
  -3.2329098e-01   2.2380039e-01   3.7217563e-02
  -3.1474411e-01   2.1327865e-01   4.5853562e-02
  -3.2365832e-01   2.1149684e-01   4.3095131e-02
  -3.2983839e-01   2.1234074e-01   3.6132469e-02
  -3.3834635e-01   2.1501477e-01   3.2696317e-02
  -3.5489930e-01   2.2174420e-01   2.9796063e-02
  -3.8765853e-01   2.4202060e-01   1.5200416e-02
  -4.0058704e-01   2.4871038e-01   4.0426628e-03
  -4.0862022e-01   2.4902585e-01   6.5950814e-04
  -4.0570192e-01   2.4300999e-01   3.3690253e-03
  -3.9605876e-01   2.3034030e-01   1.0839075e-02
  -3.8743936e-01   2.1489079e-01   2.3299258e-02
  -4.0139427e-01   2.1588788e-01   1.7799437e-02
  -4.0648308e-01   2.1758458e-01   9.0889879e-03
  -3.8351666e-01   2.0956203e-01   1.5618759e-02
  -3.7299937e-01   2.0619142e-01   1.3713540e-02
  -3.7561714e-01   2.0923176e-01   3.8321188e-03
  -3.8153483e-01   2.1245461e-01   2.2391358e-03
  -3.8660227e-01   2.0973554e-01   7.5941723e-03
  -3.8657442e-01   1.9846645e-01   1.4066648e-02
  -3.9562185e-01   1.8875227e-01   9.6626575e-03
  -4.1811795e-01   1.9822513e-01  -1.5689059e-03
  -4.4185223e-01   2.1403777e-01  -1.3049845e-02
  -4.4561912e-01   2.1325723e-01  -1.3157118e-02
  -4.4891203e-01   2.0936603e-01  -1.2298329e-02
  -4.5847619e-01   2.1175912e-01  -1.6945540e-02
  -4.5755806e-01   2.1083414e-01  -1.6719205e-02
  -4.5939756e-01   2.1057994e-01  -1.7602001e-02
  -4.4766375e-01   1.9718521e-01  -1.5378952e-02
  -4.3741250e-01   1.8420698e-01  -9.0888568e-03
  -4.3814191e-01   1.8110493e-01  -9.4519898e-03
  -4.4141782e-01   1.8049147e-01  -1.3430341e-02
  -4.4034500e-01   1.7784208e-01  -1.3821505e-02
  -4.3527255e-01   1.7597968e-01  -1.2716438e-02
  -4.4396068e-01   1.8526264e-01  -1.9843656e-02
  -4.5397884e-01   1.9927605e-01  -2.8125595e-02
  -4.5522715e-01   2.0648928e-01  -2.5602062e-02
  -4.5624748e-01   2.0894688e-01  -2.1332573e-02
  -4.6541428e-01   2.1987390e-01  -2.5402103e-02
  -4.6805052e-01   2.2591105e-01  -2.8682527e-02
  -4.6832527e-01   2.2781664e-01  -2.8291413e-02
  -4.6840986e-01   2.2948596e-01  -2.8330170e-02
  -4.6959443e-01   2.3172367e-01  -3.1078708e-02
  -4.6554397e-01   2.2815194e-01  -2.7496142e-02
  -4.6059165e-01   2.2248332e-01  -2.4258059e-02
  -4.6233017e-01   2.2187431e-01  -2.6744063e-02
  -4.6384650e-01   2.2234930e-01  -3.0833412e-02
  -4.6562712e-01   2.2230805e-01  -3.3272019e-02
  -4.6599775e-01   2.2063285e-01  -3.3994733e-02
  -4.6742055e-01   2.1904957e-01  -3.6065837e-02
  -4.7004108e-01   2.1787361e-01  -3.8562570e-02
  -4.7112787e-01   2.1833895e-01  -3.8822154e-02
  -4.7305723e-01   2.1943816e-01  -3.9799384e-02
  -4.7590403e-01   2.2100177e-01  -4.1287774e-02
  -4.7867631e-01   2.2484862e-01  -4.4306377e-02
  -4.8153038e-01   2.2976410e-01  -4.7970443e-02
  -4.8209659e-01   2.3168889e-01  -4.6876009e-02
  -4.8168051e-01   2.3274191e-01  -4.3892912e-02
  -4.8003336e-01   2.3487290e-01  -3.9901533e-02
  -4.8135646e-01   2.3625242e-01  -3.9363201e-02
  -4.8717483e-01   2.4003006e-01  -4.0631684e-02
  -4.8910166e-01   2.4259925e-01  -4.4338235e-02
  -4.9297638e-01   2.4652117e-01  -4.8231919e-02
  -4.9010957e-01   2.4411049e-01  -4.7994594e-02
  -4.9196910e-01   2.4606373e-01  -4.7708006e-02
  -4.8690922e-01   2.4342403e-01  -4.3260546e-02
  -4.8770068e-01   2.4560283e-01  -4.2964879e-02
  -4.8540526e-01   2.4518558e-01  -4.1725413e-02
  -4.8519271e-01   2.4517702e-01  -4.1124336e-02
  -4.8370101e-01   2.4281329e-01  -4.0519603e-02
  -4.8307565e-01   2.4184610e-01  -3.9565175e-02
  -4.8205571e-01   2.4091436e-01  -3.8898305e-02
  -4.8126664e-01   2.3940815e-01  -3.8665609e-02
  -4.8040501e-01   2.3683755e-01  -3.9600507e-02
  -4.8266197e-01   2.3708491e-01  -4.1252600e-02
  -4.8168998e-01   2.3645946e-01  -3.9949745e-02
  -4.8282640e-01   2.3736238e-01  -3.9108394e-02
  -4.8651549e-01   2.3999004e-01  -4.0041584e-02
  -4.9230161e-01   2.4554261e-01  -4.3698170e-02
  -4.9960480e-01   2.5429601e-01  -4.7949635e-02
  -5.0027731e-01   2.5720893e-01  -4.6438117e-02
  -5.0382878e-01   2.6228689e-01  -4.7482150e-02
  -5.0617295e-01   2.6753695e-01  -4.8315907e-02
  -5.1048416e-01   2.6967458e-01  -4.2850393e-02
  -5.1913201e-01   2.7459633e-01  -3.4196480e-02
  -5.2928450e-01   2.8557892e-01  -3.1523267e-02
  -5.3508397e-01   3.0108292e-01  -3.6255239e-02
  -5.3285394e-01   3.0614445e-01  -3.3491462e-02
  -5.3421261e-01   3.0829118e-01  -3.0203105e-02
  -5.3812333e-01   3.1231781e-01  -2.9699323e-02
  -5.4233226e-01   3.1892806e-01  -3.2066202e-02
  -5.3701444e-01   3.1643875e-01  -3.2150737e-02
  -5.1935195e-01   3.0490314e-01  -2.6079029e-02
  -4.9604668e-01   2.8936130e-01  -2.0051483e-02
  -4.8382401e-01   2.8431524e-01  -1.6300010e-02
  -4.5957710e-01   2.7614696e-01  -8.5353011e-03
  -4.4698172e-01   2.7642442e-01  -1.1828196e-02
  -4.2346508e-01   2.7053327e-01  -1.1845047e-02
  -3.9862470e-01   2.5837682e-01  -2.9967837e-03
  -3.8837378e-01   2.5381221e-01  -6.2762156e-04
  -3.7295266e-01   2.4959193e-01   4.1980670e-03
  -3.5874733e-01   2.4704966e-01   4.5615440e-03
  -3.4541120e-01   2.4327337e-01   4.7320369e-03
  -3.2279687e-01   2.2909356e-01   1.2599705e-02
  -3.1056941e-01   2.1948586e-01   1.6810286e-02
  -3.0469523e-01   2.1945425e-01   1.6889837e-02
  -2.8546107e-01   2.1462300e-01   2.4458898e-02
  -2.7166116e-01   2.0963847e-01   3.0103045e-02
  -2.6137465e-01   2.0981974e-01   3.4189897e-02
  -2.4597560e-01   2.1084931e-01   4.5795907e-02
  -2.4112347e-01   2.1951358e-01   5.2193959e-02
  -2.3103341e-01   2.2745903e-01   5.6119041e-02
  -2.1162411e-01   2.2553408e-01   6.6522038e-02
  -1.9197084e-01   2.3045316e-01   7.0848864e-02
  -1.7742919e-01   2.4206277e-01   7.0087618e-02
  -1.6601779e-01   2.5316675e-01   7.1954022e-02
  -1.6023838e-01   2.6044664e-01   7.2427898e-02
  -1.5815048e-01   2.6083938e-01   7.3973071e-02
  -1.5527295e-01   2.5089102e-01   7.6452300e-02
  -1.5108698e-01   2.3555508e-01   8.6031041e-02
  -1.5469675e-01   2.2984850e-01   8.9504000e-02
  -1.6084113e-01   2.2969669e-01   8.6415017e-02
  -1.6537264e-01   2.2779505e-01   8.4780679e-02
  -1.6204697e-01   2.1835459e-01   8.8967510e-02
  -1.5869042e-01   2.1072628e-01   9.3793505e-02
  -1.5501910e-01   2.0374068e-01   9.6084413e-02
  -1.5152981e-01   1.9695014e-01   9.7403614e-02
  -1.5124533e-01   1.9560347e-01   9.5167162e-02
  -1.5075720e-01   1.9497865e-01   9.2372013e-02
  -1.5013448e-01   1.9496186e-01   9.0670468e-02
  -1.4800036e-01   1.9911194e-01   8.8484170e-02
  -1.4301476e-01   2.0698959e-01   8.4314651e-02
  -1.3462844e-01   2.0885215e-01   8.2558559e-02
  -1.2852569e-01   2.0533503e-01   8.6075534e-02
  -1.2772953e-01   2.0345060e-01   9.0719099e-02
  -1.2785847e-01   2.0116280e-01   9.7224566e-02
  -1.2698809e-01   1.9944973e-01   1.0058917e-01
  -1.2059747e-01   1.9709716e-01   1.0259551e-01
  -1.1769855e-01   2.0105134e-01   1.0078857e-01
  -1.1468481e-01   2.0816498e-01   9.7758476e-02
  -1.0832113e-01   2.0856722e-01   9.9534309e-02
  -9.8813364e-02   2.0577901e-01   1.0240663e-01
  -9.2583981e-02   2.0491441e-01   1.0402388e-01
  -8.5946418e-02   2.0550295e-01   1.0493488e-01
  -8.6402038e-02   2.1356815e-01   1.0130751e-01
  -8.4107710e-02   2.1859158e-01   1.0063845e-01
  -7.8520130e-02   2.1978715e-01   1.0207706e-01
  -7.5981355e-02   2.2057175e-01   1.0026922e-01
  -7.3329481e-02   2.2154656e-01   1.0008015e-01
  -7.1208414e-02   2.2162446e-01   1.0167531e-01
  -7.2045821e-02   2.2002216e-01   1.0159069e-01
  -7.3868723e-02   2.1317380e-01   1.0284218e-01
  -6.9588695e-02   2.0364818e-01   1.0927773e-01
  -6.3902599e-02   1.9728968e-01   1.1229233e-01
  -6.1296272e-02   1.9870692e-01   1.0738717e-01
  -5.8687072e-02   2.0238980e-01   1.0157216e-01
  -5.5908458e-02   2.0570141e-01   9.6190274e-02
  -5.6694580e-02   2.0896944e-01   9.1954763e-02
  -5.5142733e-02   2.0788655e-01   9.3008975e-02
  -5.1117156e-02   2.0005983e-01   9.9274631e-02
  -5.3044740e-02   1.9805624e-01   1.0239355e-01
  -5.3624275e-02   1.9725409e-01   1.0302345e-01
  -5.5085004e-02   1.9889847e-01   1.0014284e-01
  -5.5204358e-02   1.9982558e-01   1.0028950e-01
  -5.5435326e-02   2.0046096e-01   1.0085677e-01
  -5.5529539e-02   2.0141994e-01   1.0168133e-01
  -5.5460526e-02   2.0128268e-01   1.0301727e-01
  -5.7283047e-02   2.0327433e-01   1.0383331e-01
  -5.6659734e-02   1.9789540e-01   1.1273062e-01
  -5.5327828e-02   1.9567428e-01   1.1630105e-01
  -5.4633881e-02   1.9892233e-01   1.1570610e-01
  -5.4855508e-02   2.0074204e-01   1.1478034e-01
  -5.4382076e-02   2.0257973e-01   1.1356692e-01
  -5.3832407e-02   2.0615499e-01   1.0923639e-01
  -4.9392382e-02   2.0868302e-01   1.0481784e-01
  -4.9463730e-02   2.0692636e-01   1.0427140e-01
  -4.1265527e-02   1.9477937e-01   1.1128585e-01
  -1.8010818e-02   1.7776854e-01   1.2226602e-01
  -1.4109003e-02   1.7842136e-01   1.1717677e-01
  -8.1645207e-03   1.8985834e-01   1.0620801e-01
   1.2204739e-03   1.9356452e-01   9.9189876e-02
   5.7189123e-03   1.9129704e-01   9.6292068e-02
   1.1759065e-03   1.8525270e-01   9.5761345e-02
   6.6986865e-03   1.7149366e-01   1.0333672e-01
   1.4003245e-02   1.5425808e-01   1.1154634e-01
   1.1865775e-02   1.4746383e-01   1.1666477e-01
   1.6117281e-02   1.3846473e-01   1.2532784e-01
  -6.3624466e-03   1.5369286e-01   1.2044042e-01
  -1.0993843e-02   1.8013923e-01   1.1510195e-01
  -1.1805697e-02   2.0593078e-01   1.0624453e-01
  -7.4679006e-03   2.1444276e-01   1.0371805e-01
  -5.5710719e-03   2.2063858e-01   1.0316912e-01
  -4.1045725e-03   2.2960393e-01   1.0348650e-01
  -1.6377816e-03   2.3579096e-01   1.0637504e-01
   5.4158944e-04   2.4148790e-01   1.0980538e-01
   1.2682148e-03   2.5000688e-01   1.1197824e-01
  -1.7087285e-03   2.5785642e-01   1.1183827e-01
  -2.3955728e-03   2.6038578e-01   1.1207341e-01
  -1.1112004e-03   2.5891964e-01   1.1411490e-01
   2.5787788e-03   2.5156089e-01   1.1368874e-01
   6.1254378e-03   2.4113325e-01   1.1659156e-01
   3.1450595e-03   2.4286346e-01   1.1857236e-01
   7.2620648e-03   2.3841662e-01   1.1799875e-01
   1.1163888e-02   2.3123171e-01   1.1783439e-01
   8.1521686e-03   2.3182445e-01   1.1682105e-01
   5.4078320e-03   2.3595375e-01   1.1436377e-01
   2.4535943e-03   2.4152352e-01   1.0932664e-01
  -1.2872901e-04   2.4015687e-01   1.0427614e-01
  -4.3914646e-03   2.3028555e-01   1.0241880e-01
  -6.6960842e-03   2.2036492e-01   1.0564835e-01
  -6.7671333e-03   2.1371748e-01   1.1035533e-01
  -9.7267032e-03   2.1445806e-01   1.0825799e-01
  -1.0983494e-02   2.1943186e-01   1.0552661e-01
  -1.0767633e-02   2.2200362e-01   1.0266246e-01
  -1.0887423e-02   2.2190301e-01   1.0336417e-01
  -1.1786804e-02   2.2493389e-01   1.0071418e-01
  -1.5472159e-02   2.3362333e-01   9.1704908e-02
  -1.6013718e-02   2.3374946e-01   9.3807242e-02
  -1.2495457e-02   2.2586545e-01   1.0591841e-01
  -1.3524624e-02   2.2545918e-01   1.0843995e-01
  -1.4240931e-02   2.2712542e-01   1.0844482e-01
  -9.4162951e-03   2.2354363e-01   1.1369435e-01
  -7.2723394e-03   2.2459592e-01   1.1168500e-01
  -7.5652698e-03   2.2870208e-01   1.0860858e-01
  -7.9083977e-03   2.3075847e-01   1.0834388e-01
  -8.0022468e-03   2.3004470e-01   1.0900995e-01
  -6.5585749e-03   2.2532820e-01   1.0897077e-01
  -7.1413562e-03   2.1782337e-01   1.0710963e-01
  -6.4486768e-03   2.0959807e-01   1.0623102e-01
  -5.7385226e-03   2.0545462e-01   1.0482067e-01
  -7.7864976e-03   2.0312573e-01   1.0339257e-01
  -8.7923226e-03   1.9979050e-01   1.0498638e-01
  -1.0256744e-02   1.9753345e-01   1.0435423e-01
  -1.6084187e-02   2.0499498e-01   1.0605666e-01
  -1.9584444e-02   2.1825264e-01   9.8810362e-02
  -1.9192764e-02   2.2504678e-01   9.6012832e-02
  -2.0117391e-02   2.3259427e-01   9.8976659e-02
  -1.9736738e-02   2.3594008e-01   1.0216885e-01
  -1.9025079e-02   2.3659545e-01   1.0235306e-01
  -1.9943066e-02   2.3832598e-01   1.0123892e-01
  -1.9812904e-02   2.3870699e-01   1.0152408e-01
  -1.9133992e-02   2.3984483e-01   1.0250497e-01
  -1.8838303e-02   2.4494264e-01   1.0207947e-01
  -1.9428445e-02   2.4698780e-01   1.0235862e-01
  -1.8259201e-02   2.4711554e-01   1.0594060e-01
  -1.6720365e-02   2.4487573e-01   1.0747306e-01
  -1.5321391e-02   2.4285985e-01   1.0957517e-01
  -1.5257775e-02   2.4299434e-01   1.1019266e-01
  -1.3606521e-02   2.4251121e-01   1.1145408e-01
  -1.4314312e-02   2.4382286e-01   1.1147199e-01
  -1.4602798e-02   2.4447839e-01   1.1171481e-01
  -1.4031353e-02   2.4368861e-01   1.1342070e-01
  -1.3778703e-02   2.4362019e-01   1.1534403e-01
  -1.2679767e-02   2.4272607e-01   1.1817223e-01
  -1.3770723e-02   2.4616107e-01   1.1508424e-01
  -1.4999157e-02   2.4845269e-01   1.1238740e-01
  -1.7475924e-02   2.5125058e-01   1.1003892e-01
  -1.9524753e-02   2.5449298e-01   1.0796349e-01
  -2.0402418e-02   2.5534274e-01   1.0711835e-01
  -2.0818453e-02   2.5560180e-01   1.0629281e-01
  -2.2716694e-02   2.5338901e-01   1.0481761e-01
  -2.0367653e-02   2.4440354e-01   1.1018853e-01
  -1.9550058e-02   2.4436568e-01   1.0847687e-01
  -1.9423471e-02   2.5147494e-01   9.8897327e-02
  -2.1175543e-02   2.5627960e-01   9.2269403e-02
  -2.3305821e-02   2.5406196e-01   9.4914322e-02
  -2.3839888e-02   2.4786313e-01   9.7674346e-02
  -2.3837688e-02   2.4693095e-01   9.7909301e-02
  -2.4333408e-02   2.5053086e-01   9.4752863e-02
  -2.4236023e-02   2.5204533e-01   9.4954793e-02
  -2.3468741e-02   2.5029086e-01   9.9727496e-02
  -2.2571636e-02   2.5056202e-01   1.0123158e-01
  -2.2203532e-02   2.5111264e-01   1.0241895e-01
  -2.1658618e-02   2.5150419e-01   1.0372207e-01
  -2.1460428e-02   2.5212232e-01   1.0447389e-01
  -2.1411414e-02   2.5299840e-01   1.0497259e-01
  -2.1984678e-02   2.5309145e-01   1.0596801e-01
  -2.1228528e-02   2.5054204e-01   1.1019955e-01
  -2.0358088e-02   2.4963687e-01   1.1219979e-01
  -2.0098192e-02   2.5119658e-01   1.1171816e-01
  -2.1111501e-02   2.5204417e-01   1.1024289e-01
  -1.9535659e-02   2.4883218e-01   1.1157423e-01
  -2.0421448e-02   2.4843199e-01   1.1130273e-01
  -2.1076370e-02   2.4632631e-01   1.1190989e-01
  -2.0153339e-02   2.4295628e-01   1.1433480e-01
  -2.0414185e-02   2.4320864e-01   1.1404050e-01
  -2.1456429e-02   2.4394541e-01   1.1288844e-01
  -2.2038940e-02   2.4155271e-01   1.1364217e-01
  -2.2858051e-02   2.3970861e-01   1.1391268e-01
  -2.2940795e-02   2.4032515e-01   1.1359686e-01
  -2.2992220e-02   2.4103738e-01   1.1298943e-01
  -2.3478819e-02   2.4139705e-01   1.1204187e-01
  -2.3878519e-02   2.4221602e-01   1.1134438e-01
  -2.3997895e-02   2.4289761e-01   1.1127175e-01
  -2.3386028e-02   2.4195402e-01   1.1331513e-01
  -2.2605457e-02   2.4133390e-01   1.1476535e-01
  -2.2808951e-02   2.4382283e-01   1.1294423e-01
  -2.2628602e-02   2.4531610e-01   1.1283659e-01
  -2.4080374e-02   2.4872035e-01   1.1027268e-01
  -2.4553287e-02   2.4953235e-01   1.0985151e-01
  -2.3856399e-02   2.4789709e-01   1.1172125e-01
  -2.4460505e-02   2.4881256e-01   1.1017458e-01
  -2.5660732e-02   2.5043739e-01   1.0864959e-01
  -2.5615111e-02   2.4913412e-01   1.1127573e-01
  -2.4519670e-02   2.4786289e-01   1.1383008e-01
  -2.4077524e-02   2.4743538e-01   1.1435483e-01
  -2.5471712e-02   2.4829881e-01   1.1171512e-01
  -2.6110524e-02   2.4838912e-01   1.0934157e-01
  -2.6756369e-02   2.4639678e-01   1.0912957e-01
  -2.7317142e-02   2.4425683e-01   1.0913327e-01
  -2.7564957e-02   2.4339348e-01   1.0787099e-01
  -2.9712603e-02   2.4249554e-01   1.0520191e-01
  -3.0657711e-02   2.3770047e-01   1.0683314e-01
  -3.0594161e-02   2.3133629e-01   1.1093860e-01
  -3.2568315e-02   2.3253782e-01   1.0815593e-01
  -3.6321701e-02   2.4157036e-01   9.9691804e-02
  -4.0068701e-02   2.4621828e-01   9.5098155e-02
  -3.8518999e-02   2.4158357e-01   9.8949985e-02
  -3.8008155e-02   2.3885052e-01   1.0291443e-01
  -3.7998050e-02   2.4002433e-01   1.0332078e-01
  -4.0752926e-02   2.4837182e-01   9.9547329e-02
  -4.2978846e-02   2.5498502e-01   9.5850147e-02
  -4.1667205e-02   2.5615063e-01   9.6546517e-02
  -4.2243390e-02   2.5718892e-01   9.6594777e-02
  -4.0233668e-02   2.5495905e-01   1.0142131e-01
  -3.9404786e-02   2.5486090e-01   1.0366868e-01
  -3.8720662e-02   2.5486376e-01   1.0567893e-01
  -3.8925387e-02   2.5602201e-01   1.0567340e-01
  -3.8902265e-02   2.5623161e-01   1.0616379e-01
  -4.0054120e-02   2.5496671e-01   1.0645687e-01
  -4.1927136e-02   2.4983662e-01   1.0772260e-01
  -4.4029790e-02   2.3968634e-01   1.1206737e-01
  -4.5489046e-02   2.3071144e-01   1.1574014e-01
  -4.8732019e-02   2.2330856e-01   1.1609962e-01
  -5.1850578e-02   2.1061807e-01   1.1714094e-01
  -5.3678462e-02   1.9291994e-01   1.1989043e-01
  -5.7700567e-02   1.8594014e-01   1.1765448e-01
  -6.2532908e-02   1.8462841e-01   1.1305938e-01
  -6.6551567e-02   1.7905670e-01   1.1019303e-01
  -6.7815701e-02   1.6520480e-01   1.1244449e-01
  -7.0897474e-02   1.5372009e-01   1.1301680e-01
  -7.3913905e-02   1.4602311e-01   1.1261797e-01
  -7.7940717e-02   1.4047666e-01   1.1129868e-01
  -8.1856644e-02   1.3383669e-01   1.1086873e-01
  -8.5902940e-02   1.2491453e-01   1.1193415e-01
  -8.8494908e-02   1.1825656e-01   1.1420735e-01
  -9.1609638e-02   1.1532655e-01   1.1520903e-01
  -9.3666942e-02   1.1205487e-01   1.1643277e-01
  -9.5421618e-02   1.1006371e-01   1.1893358e-01
  -9.8192365e-02   1.0556833e-01   1.2118431e-01
  -9.9326072e-02   1.0040509e-01   1.2385231e-01
  -1.0182391e-01   1.0054181e-01   1.2328460e-01
  -1.0432468e-01   9.8292334e-02   1.2252627e-01
  -1.0610357e-01   9.6770522e-02   1.2323121e-01
  -1.0855461e-01   9.2702228e-02   1.2386710e-01
  -1.1063561e-01   8.7203258e-02   1.2478533e-01
  -1.1427687e-01   8.3757435e-02   1.2298679e-01
  -1.1729127e-01   7.9389657e-02   1.2144811e-01
  -1.2017825e-01   7.6310609e-02   1.1996142e-01
  -1.2243843e-01   7.2013382e-02   1.1979537e-01
  -1.2494413e-01   6.8038442e-02   1.1954164e-01
  -1.2643901e-01   6.5254052e-02   1.1887729e-01
  -1.2811279e-01   6.1423356e-02   1.1775006e-01
  -1.3093977e-01   5.6433627e-02   1.1746968e-01
  -1.3250660e-01   4.9249150e-02   1.1809733e-01
  -1.3456537e-01   4.2346417e-02   1.1799320e-01
  -1.3652389e-01   3.2330973e-02   1.2046238e-01
  -1.3695212e-01   2.0693378e-02   1.2458988e-01
  -1.3948469e-01   1.5330743e-02   1.2570153e-01
  -1.4207825e-01   9.8524287e-03   1.2573234e-01
  -1.4392740e-01   5.2469698e-04   1.2791842e-01
  -1.4647975e-01  -8.4667075e-03   1.3060664e-01
  -1.4995567e-01  -1.5282623e-02   1.3279349e-01
  -1.5281217e-01  -2.0452876e-02   1.3579985e-01
  -1.5484935e-01  -2.5828607e-02   1.3935026e-01
  -1.5770462e-01  -3.1004621e-02   1.4102084e-01
  -1.6054816e-01  -3.3709239e-02   1.4112759e-01
  -1.6434809e-01  -3.6066835e-02   1.4160364e-01
  -1.6863857e-01  -3.9121107e-02   1.4258306e-01
  -1.7450849e-01  -4.1289936e-02   1.4252789e-01
  -1.7779136e-01  -4.4572230e-02   1.4158401e-01
  -1.8072907e-01  -4.4635326e-02   1.3839676e-01
  -1.8225284e-01  -4.4377241e-02   1.3335198e-01
  -1.8629360e-01  -4.1901607e-02   1.2899380e-01
  -1.8962001e-01  -4.2028628e-02   1.3033402e-01
  -1.9134579e-01  -4.5953182e-02   1.3469268e-01
  -1.9210082e-01  -4.5198174e-02   1.3353514e-01
  -1.9413529e-01  -4.1106122e-02   1.2608957e-01
  -1.9592942e-01  -4.1766130e-02   1.2530028e-01
  -1.9585178e-01  -4.3278405e-02   1.2606228e-01
  -1.9781057e-01  -4.3073578e-02   1.2496533e-01
  -1.9821290e-01  -4.5102760e-02   1.2608874e-01
  -2.0093833e-01  -4.3773373e-02   1.2460981e-01
  -2.0358573e-01  -3.9397035e-02   1.2105937e-01
  -2.0531571e-01  -3.6360466e-02   1.2057263e-01
  -2.0451842e-01  -3.7115950e-02   1.2405367e-01
  -2.0561145e-01  -3.5485319e-02   1.2391117e-01
  -2.0615076e-01  -3.4211995e-02   1.2340308e-01
  -2.0702827e-01  -3.2797721e-02   1.2262357e-01
  -2.0793640e-01  -3.2902725e-02   1.2319287e-01
  -2.0877221e-01  -3.2819628e-02   1.2508007e-01
  -2.1090735e-01  -3.0558859e-02   1.2532682e-01
  -2.1385589e-01  -2.6136071e-02   1.2349920e-01
  -2.1552930e-01  -2.5463483e-02   1.2228859e-01
  -2.1674268e-01  -2.9471936e-02   1.2269411e-01
  -2.1599296e-01  -3.9273995e-02   1.2463487e-01
  -2.1693512e-01  -4.4265805e-02   1.2374445e-01
  -2.2077727e-01  -3.8485118e-02   1.1845384e-01
  -2.2997921e-01  -2.4342042e-02   1.1159625e-01
  -2.3585752e-01  -9.6729824e-03   1.0263955e-01
  -2.3488554e-01   3.8304869e-03   1.0363813e-01
  -2.3416470e-01   2.8299035e-02   1.0429622e-01
  -2.3473489e-01   5.9185438e-02   1.0134170e-01
  -2.3435975e-01   8.3479302e-02   9.9026742e-02
  -2.2822046e-01   9.9883269e-02   1.0515122e-01
  -2.2531213e-01   1.1784417e-01   1.1100243e-01
  -2.2042714e-01   1.3819211e-01   1.1972620e-01
  -2.1904650e-01   1.5838871e-01   1.2475521e-01
  -2.2012311e-01   1.7886569e-01   1.2659931e-01
  -2.2196120e-01   2.0009244e-01   1.2765039e-01
  -2.1052793e-01   2.3078808e-01   1.3607923e-01
  -1.9057043e-01   2.5949727e-01   1.3873964e-01
  -1.9553711e-01   2.4873436e-01   1.3370999e-01
  -2.0822967e-01   2.3554243e-01   1.2118021e-01
  -2.2314367e-01   2.2935709e-01   1.1351865e-01
  -2.3495084e-01   2.2170664e-01   1.0774864e-01
  -2.4047444e-01   2.1416354e-01   1.0354843e-01
  -2.4477531e-01   1.9141918e-01   9.7201331e-02
  -2.6219071e-01   2.0454276e-01   1.0318922e-01
  -2.5730925e-01   2.1537844e-01   1.0817919e-01
  -2.4345545e-01   2.0300499e-01   1.0762068e-01
  -2.3268039e-01   1.9082455e-01   1.0054534e-01
  -2.2267412e-01   1.8414827e-01   9.8783580e-02
  -2.0911118e-01   1.8068325e-01   9.1939549e-02
  -2.0749788e-01   1.8402656e-01   7.6724141e-02
  -2.1333555e-01   1.9428423e-01   6.3743601e-02
  -2.1397414e-01   2.0128234e-01   5.7386995e-02
  -2.1132760e-01   2.0754362e-01   5.0735785e-02
  -2.1238665e-01   2.2048512e-01   4.4401543e-02
  -2.1177624e-01   2.3371809e-01   4.1859991e-02
  -2.0760210e-01   2.4311902e-01   4.4889637e-02
  -2.0137682e-01   2.5752412e-01   5.2417747e-02
  -1.9346145e-01   2.7344615e-01   6.3533154e-02
  -1.9178481e-01   2.8073960e-01   6.9431718e-02
  -1.9254546e-01   2.8658772e-01   7.1288657e-02
  -1.9139240e-01   2.9432112e-01   7.4677322e-02
  -1.8876397e-01   3.0740666e-01   7.8735981e-02
  -1.8840829e-01   3.2850211e-01   8.0128689e-02
  -1.8529492e-01   3.4517883e-01   8.3505641e-02
  -1.8290872e-01   3.6313758e-01   8.7675440e-02
  -1.7883139e-01   3.8756630e-01   9.5647825e-02
  -1.6302065e-01   4.2061109e-01   1.0290721e-01
  -1.6725589e-01   4.1693869e-01   9.2355502e-02
  -1.7572979e-01   3.9643914e-01   7.9660801e-02
  -1.5920395e-01   3.6831454e-01   8.7235481e-02
  -1.4143116e-01   3.4155443e-01   9.4981403e-02
  -1.3551006e-01   3.1043829e-01   9.1322611e-02
  -1.3166117e-01   2.8102078e-01   1.0025165e-01
  -1.1189255e-01   2.6722850e-01   1.2441808e-01
  -8.8307905e-02   2.4818942e-01   1.3060351e-01
  -7.6539902e-02   2.3809211e-01   1.2263844e-01
  -6.8142333e-02   2.3094465e-01   1.1381907e-01
  -5.4314133e-02   2.1353871e-01   1.0963364e-01
  -4.7516354e-02   1.9525305e-01   1.0527232e-01
  -5.4114805e-02   2.0113923e-01   1.0804765e-01
  -5.3707876e-02   2.1760340e-01   1.1113892e-01
  -5.1905514e-02   2.2543508e-01   1.0910102e-01
  -4.7355947e-02   2.2813837e-01   1.1167187e-01
  -4.6471423e-02   2.3698399e-01   1.1793439e-01
  -4.8594874e-02   2.4865016e-01   1.1947541e-01
  -4.4885695e-02   2.5004835e-01   1.2307613e-01
  -2.9643675e-02   2.3435288e-01   1.2381746e-01
  -2.1858264e-02   2.2693902e-01   1.2823516e-01
  -3.0011989e-02   2.3667723e-01   1.2167465e-01
  -3.2241126e-02   2.4664578e-01   1.1646735e-01
  -3.3709378e-02   2.4918967e-01   1.1639999e-01
  -2.2468454e-02   2.3467185e-01   1.3038092e-01
  -1.5647353e-02   2.2900986e-01   1.3974605e-01
  -1.2835064e-02   2.4133259e-01   1.3752384e-01
  -5.6014296e-03   2.4507650e-01   1.3562861e-01
  -9.5905158e-03   2.5595191e-01   1.2737135e-01
  -1.5062534e-02   2.6909175e-01   1.2148890e-01
  -1.0541291e-02   2.7112989e-01   1.1923623e-01
  -1.6894053e-03   2.7144030e-01   1.2267808e-01
   4.5708945e-03   2.7801338e-01   1.2561421e-01
   1.8236808e-03   2.8126724e-01   1.2756072e-01
  -1.6701594e-03   2.8390442e-01   1.3246047e-01
  -3.5275127e-03   2.8862112e-01   1.3548752e-01
  -4.1527619e-03   2.9100614e-01   1.3621022e-01
  -5.3110963e-03   2.9519555e-01   1.3830642e-01
  -6.7090463e-03   2.9871289e-01   1.3861130e-01
  -9.2296001e-03   2.9535854e-01   1.3931488e-01
  -1.0903672e-02   2.8278773e-01   1.3742935e-01
  -1.3905897e-02   2.7679054e-01   1.3720148e-01
  -1.6102180e-02   2.7104567e-01   1.3852620e-01
  -1.8132715e-02   2.6270525e-01   1.4103498e-01
  -2.3124552e-02   2.5579402e-01   1.4163553e-01
  -3.0185605e-02   2.4933794e-01   1.3950637e-01
  -3.5624200e-02   2.4533515e-01   1.3822059e-01
  -3.8717227e-02   2.4114642e-01   1.3913943e-01
  -4.2140721e-02   2.3900207e-01   1.3995850e-01
  -4.3956323e-02   2.3790385e-01   1.4252943e-01
  -4.4321909e-02   2.3809162e-01   1.4276952e-01
  -4.5034232e-02   2.3720042e-01   1.4156168e-01
  -4.7175209e-02   2.3924668e-01   1.3949805e-01
  -4.8075612e-02   2.4067874e-01   1.3891934e-01
  -5.0159044e-02   2.3830500e-01   1.3818052e-01
  -5.6992990e-02   2.3146550e-01   1.3555017e-01
  -6.4969581e-02   2.2493229e-01   1.3282034e-01
  -7.2297984e-02   2.1863444e-01   1.3123855e-01
  -8.1994005e-02   2.1160500e-01   1.2727496e-01
  -9.2902185e-02   2.0677035e-01   1.2491242e-01
  -9.9837259e-02   2.0303451e-01   1.2578625e-01
  -1.0603503e-01   1.9674037e-01   1.2725860e-01
  -1.1547435e-01   1.9348034e-01   1.2504940e-01
  -1.2231462e-01   1.8831091e-01   1.2445248e-01
  -1.2865454e-01   1.8199365e-01   1.2528258e-01
  -1.3185686e-01   1.7620174e-01   1.2766717e-01
  -1.3490875e-01   1.7033901e-01   1.2812465e-01
  -1.4074926e-01   1.6809860e-01   1.2405967e-01
  -1.4845680e-01   1.6602056e-01   1.1782455e-01
  -1.5465455e-01   1.6407200e-01   1.1240903e-01
  -1.5986101e-01   1.6219504e-01   1.0948399e-01
  -1.7169182e-01   1.6036759e-01   1.0273025e-01
  -1.9213861e-01   1.5876413e-01   9.0612864e-02
  -2.1996779e-01   1.5959393e-01   7.5250612e-02
  -2.4234202e-01   1.6422212e-01   6.5245158e-02
  -2.5676171e-01   1.6792245e-01   6.2071634e-02
  -2.7255190e-01   1.6805263e-01   5.9738181e-02
  -2.9007383e-01   1.6747189e-01   5.3839652e-02
  -3.1838020e-01   1.6950774e-01   4.0184396e-02
  -3.5909050e-01   1.7333406e-01   2.9580976e-02
  -4.0076325e-01   1.8279352e-01   1.7053305e-02
  -4.3821177e-01   1.9256220e-01   3.9023119e-03
  -4.7669420e-01   2.0101158e-01  -1.2971743e-02
  -5.2227841e-01   2.1117375e-01  -3.6774539e-02
  -5.6861680e-01   2.1542996e-01  -5.6102600e-02
  -6.2150092e-01   2.1777669e-01  -8.0996007e-02
  -6.7598018e-01   2.1263771e-01  -1.0444336e-01
  -7.2760709e-01   2.0588457e-01  -1.2849244e-01
  -7.7722646e-01   1.9961929e-01  -1.5149704e-01
  -8.0869408e-01   1.9561122e-01  -1.6696365e-01
  -8.3651283e-01   1.9080007e-01  -1.7994026e-01
  -8.5878783e-01   1.8491560e-01  -1.8955375e-01
  -8.8029691e-01   1.7696506e-01  -2.0010490e-01
  -9.1252836e-01   1.7060727e-01  -2.1808132e-01
  -9.4758866e-01   1.6594036e-01  -2.4048739e-01
  -9.7120609e-01   1.6949537e-01  -2.5913826e-01
  -9.8863094e-01   1.7174993e-01  -2.7121529e-01
  -1.0005491e+00   1.7452291e-01  -2.7576021e-01
  -1.0102953e+00   1.7497059e-01  -2.8118002e-01
  -1.0225538e+00   1.7462962e-01  -2.8738772e-01
  -1.0346237e+00   1.7422806e-01  -2.9281161e-01
  -1.0503691e+00   1.7606945e-01  -3.0001660e-01
  -1.0640529e+00   1.7831156e-01  -3.0528238e-01
  -1.0758909e+00   1.7724343e-01  -3.1128317e-01
  -1.0848719e+00   1.7536591e-01  -3.1904334e-01
  -1.0883586e+00   1.7344297e-01  -3.2004016e-01
  -1.0995785e+00   1.7139987e-01  -3.2121971e-01
  -1.1170945e+00   1.7231653e-01  -3.1069661e-01
  -1.1383843e+00   1.8315461e-01  -3.0158085e-01
  -1.1569248e+00   1.9402857e-01  -2.9311443e-01
  -1.1755294e+00   2.0149510e-01  -2.8672909e-01
  -1.1966545e+00   2.0832656e-01  -2.8561823e-01
  -1.2211878e+00   2.1559638e-01  -2.9312283e-01
  -1.2320689e+00   2.1871026e-01  -2.9193062e-01
  -1.2437915e+00   2.2198414e-01  -2.9114741e-01
  -1.2521548e+00   2.2459970e-01  -2.9042259e-01
  -1.2643486e+00   2.2743089e-01  -2.9362526e-01
  -1.2765490e+00   2.2622964e-01  -2.9804982e-01
  -1.2833160e+00   2.2358798e-01  -2.9674108e-01
  -1.2893802e+00   2.2162924e-01  -2.9040443e-01
  -1.2962753e+00   2.1976719e-01  -2.9131845e-01
  -1.3038665e+00   2.1522360e-01  -2.9872359e-01
  -1.3068368e+00   2.1256436e-01  -3.0325162e-01
  -1.2989802e+00   2.1627866e-01  -2.9718543e-01
  -1.3017710e+00   2.2006778e-01  -3.0375684e-01
  -1.3014332e+00   2.2257568e-01  -3.1425361e-01
  -1.2967228e+00   2.2581905e-01  -3.2374545e-01
  -1.2858474e+00   2.2935221e-01  -3.2798626e-01
  -1.2785608e+00   2.2643827e-01  -3.3093637e-01
  -1.2742707e+00   2.2693970e-01  -3.3772450e-01
  -1.2759463e+00   2.3292743e-01  -3.5768497e-01
  -1.2990299e+00   2.3357021e-01  -3.7869777e-01
  -1.3230812e+00   2.4568932e-01  -4.0759023e-01
  -1.3115369e+00   2.5521881e-01  -3.9297101e-01
  -1.3178042e+00   2.6110237e-01  -3.8716037e-01
  -1.3341117e+00   2.6971745e-01  -4.0690403e-01
  -1.3405556e+00   2.6927970e-01  -4.2208622e-01
  -1.3570460e+00   2.6025622e-01  -4.3648582e-01
  -1.3725384e+00   2.5402449e-01  -4.4515701e-01
  -1.3878707e+00   2.4199205e-01  -4.4595432e-01
  -1.4058439e+00   2.3226249e-01  -4.4988996e-01
  -1.4179176e+00   2.2237454e-01  -4.5791172e-01
  -1.4390175e+00   2.0649398e-01  -4.7265626e-01
  -1.4455203e+00   1.9409526e-01  -4.6700931e-01
  -1.4506546e+00   1.8440768e-01  -4.6080657e-01
  -1.4651130e+00   1.6877547e-01  -4.6698729e-01
  -1.4795923e+00   1.5467248e-01  -4.7420689e-01
  -1.4852392e+00   1.5123970e-01  -4.7717443e-01
  -1.4879955e+00   1.5060959e-01  -4.8298715e-01
  -1.4916751e+00   1.4908448e-01  -4.9606292e-01
  -1.4869116e+00   1.5036477e-01  -4.9738602e-01
  -1.4817912e+00   1.5278123e-01  -4.9160742e-01
  -1.4823501e+00   1.5496280e-01  -4.8488102e-01
  -1.4835235e+00   1.5061596e-01  -4.5721475e-01
  -1.4949551e+00   1.4020541e-01  -4.5014182e-01
  -1.5007404e+00   1.3727026e-01  -4.3873127e-01
  -1.4973558e+00   1.5000457e-01  -4.3037286e-01
  -1.4945440e+00   1.7137083e-01  -4.3928099e-01
  -1.4953509e+00   1.8610707e-01  -4.4724447e-01
  -1.4948766e+00   1.9424548e-01  -4.4367711e-01
  -1.4987076e+00   2.0297170e-01  -4.4387274e-01
  -1.5031316e+00   2.1441994e-01  -4.4650251e-01
  -1.5094050e+00   2.2972851e-01  -4.5357694e-01
  -1.5139989e+00   2.4682256e-01  -4.5925669e-01
  -1.5139930e+00   2.6103307e-01  -4.5797877e-01
  -1.5109407e+00   2.7098221e-01  -4.5433896e-01
  -1.5100464e+00   2.7845546e-01  -4.5269190e-01
  -1.5126383e+00   2.8653207e-01  -4.5707292e-01
  -1.5144827e+00   2.9707520e-01  -4.5576826e-01
  -1.5191926e+00   3.0711264e-01  -4.5765099e-01
  -1.5245636e+00   3.1638826e-01  -4.6027167e-01
  -1.5270970e+00   3.2637396e-01  -4.6478771e-01
  -1.5326733e+00   3.3137882e-01  -4.6986234e-01
  -1.5485955e+00   3.2308328e-01  -4.8319945e-01
  -1.5670572e+00   3.1340082e-01  -4.9700932e-01
  -1.5791259e+00   3.0806867e-01  -5.0688779e-01
  -1.5898129e+00   3.1019467e-01  -5.1599853e-01
  -1.5938284e+00   3.1598062e-01  -5.2099317e-01
  -1.5872531e+00   3.2153941e-01  -5.1115833e-01
  -1.5931771e+00   3.2457886e-01  -5.0872347e-01
  -1.6023236e+00   3.2452875e-01  -5.1335822e-01
  -1.6065450e+00   3.2485337e-01  -5.1604695e-01
  -1.6058063e+00   3.2536497e-01  -5.1601328e-01
  -1.6046421e+00   3.2516492e-01  -5.1663012e-01
  -1.6074421e+00   3.2240239e-01  -5.2445761e-01
  -1.6089420e+00   3.1955121e-01  -5.2804917e-01
  -1.6091331e+00   3.1722703e-01  -5.2999035e-01
  -1.6048182e+00   3.2440309e-01  -5.2665924e-01
  -1.6138059e+00   3.3074883e-01  -5.2281026e-01
  -1.6181293e+00   3.3908199e-01  -5.2587878e-01
  -1.6238564e+00   3.3734321e-01  -5.3510987e-01
  -1.6364526e+00   3.4557951e-01  -5.4300054e-01
  -1.6412971e+00   3.5566983e-01  -5.4084592e-01
  -1.6736054e+00   3.5958908e-01  -5.8364652e-01
  -1.6987760e+00   3.5319354e-01  -6.0732709e-01
  -1.7181774e+00   3.4267148e-01  -6.2355998e-01
  -1.7272661e+00   3.3373407e-01  -6.2891707e-01
  -1.7418554e+00   3.2058354e-01  -6.3530680e-01
  -1.7575470e+00   3.0947444e-01  -6.3492489e-01
  -1.7710885e+00   2.9965589e-01  -6.3137184e-01
  -1.7813386e+00   2.9313190e-01  -6.2759941e-01
  -1.7866952e+00   2.8926020e-01  -6.2816768e-01
  -1.7933203e+00   2.8448087e-01  -6.2842308e-01
  -1.8043244e+00   2.7967358e-01  -6.3005976e-01
  -1.8151057e+00   2.8321638e-01  -6.3138661e-01
  -1.8234683e+00   2.9237637e-01  -6.3261106e-01
  -1.8231864e+00   3.0010807e-01  -6.2914529e-01
  -1.8233014e+00   2.9833436e-01  -6.2720863e-01
  -1.8276365e+00   2.9065501e-01  -6.2759835e-01
  -1.8185683e+00   2.9112324e-01  -6.1198662e-01
  -1.8148969e+00   2.9139039e-01  -6.0920280e-01
  -1.8212036e+00   2.8755355e-01  -6.1755260e-01
  -1.8350214e+00   2.8457522e-01  -6.3016915e-01
  -1.8344839e+00   2.9084709e-01  -6.2221822e-01
  -1.8389329e+00   2.9089517e-01  -6.2594156e-01
  -1.8328889e+00   2.9178594e-01  -6.2424084e-01
  -1.8342523e+00   2.8677042e-01  -6.2784741e-01
  -1.8312562e+00   2.8505725e-01  -6.2608801e-01
  -1.8331569e+00   2.8451244e-01  -6.2668829e-01
  -1.8352471e+00   2.8644748e-01  -6.2732838e-01
  -1.8304571e+00   2.9276921e-01  -6.2300831e-01
  -1.8233200e+00   2.9717748e-01  -6.1793885e-01
  -1.8229124e+00   2.9697333e-01  -6.1650954e-01
  -1.8349951e+00   2.8874807e-01  -6.2308907e-01
  -1.8420835e+00   2.7664096e-01  -6.2765688e-01
  -1.8531556e+00   2.6026998e-01  -6.2944177e-01
  -1.8567865e+00   2.4724433e-01  -6.2370476e-01
  -1.8616855e+00   2.4107030e-01  -6.1605292e-01
  -1.8671678e+00   2.4011613e-01  -6.0972509e-01
  -1.8718744e+00   2.3856673e-01  -6.0981540e-01
  -1.8697572e+00   2.4336933e-01  -6.0450768e-01
  -1.8698628e+00   2.4765611e-01  -5.9868250e-01
  -1.8698368e+00   2.4923653e-01  -5.9808991e-01
  -1.8578314e+00   2.5669751e-01  -5.8851060e-01
  -1.8538728e+00   2.5964615e-01  -5.8408410e-01
  -1.8565924e+00   2.5261706e-01  -5.8907281e-01
  -1.8660198e+00   2.4314355e-01  -5.9529487e-01
  -1.8757695e+00   2.3607367e-01  -6.0100041e-01
  -1.8807834e+00   2.3591498e-01  -6.0322059e-01
  -1.8814115e+00   2.4766778e-01  -6.0027264e-01
  -1.8828761e+00   2.5661283e-01  -6.0008609e-01
  -1.8808274e+00   2.6464610e-01  -5.9765203e-01
  -1.8927462e+00   2.6837496e-01  -6.0179419e-01
  -1.9067100e+00   2.8336630e-01  -6.0377221e-01
  -1.9146709e+00   2.9504833e-01  -6.0267016e-01
  -1.8986765e+00   2.7805794e-01  -5.9385137e-01
  -1.8910337e+00   2.5205600e-01  -5.8686510e-01
  -1.8955610e+00   2.4287008e-01  -5.7085350e-01
  -1.8962593e+00   2.4689646e-01  -5.5451469e-01
  -1.9019905e+00   2.4562643e-01  -5.4281795e-01
  -1.9018223e+00   2.4107891e-01  -5.1290007e-01
  -1.9103229e+00   2.2849958e-01  -4.7544780e-01
  -1.9138543e+00   2.1878054e-01  -5.0768289e-01
  -1.9250460e+00   1.9323309e-01  -5.4755902e-01
  -1.9407874e+00   1.6316718e-01  -5.7022886e-01
  -1.9433081e+00   1.4944616e-01  -5.8470458e-01
  -1.9431477e+00   1.4305213e-01  -5.8775178e-01
  -1.9458218e+00   1.3733211e-01  -5.9156559e-01
  -1.9507310e+00   1.3343131e-01  -5.9695085e-01
  -1.9562757e+00   1.3763962e-01  -5.9613775e-01
  -1.9607474e+00   1.5140194e-01  -5.9306329e-01
  -1.9635301e+00   1.6142981e-01  -5.9260071e-01
  -1.9622004e+00   1.7257629e-01  -5.8207963e-01
  -1.9583677e+00   1.8669098e-01  -5.7660140e-01
  -1.9626344e+00   1.8940580e-01  -5.7418659e-01
  -1.9584214e+00   1.9062008e-01  -5.6632878e-01
  -1.9567027e+00   1.8530256e-01  -5.6609117e-01
  -1.9527104e+00   1.8310391e-01  -5.6309844e-01
  -1.9508610e+00   1.8110801e-01  -5.6251400e-01
  -1.9489602e+00   1.7824987e-01  -5.6137966e-01
  -1.9458723e+00   1.7353184e-01  -5.5880238e-01
  -1.9417160e+00   1.6820095e-01  -5.5775142e-01
  -1.9414494e+00   1.6306798e-01  -5.5918833e-01
  -1.9426075e+00   1.5926187e-01  -5.6077432e-01
  -1.9426036e+00   1.5964493e-01  -5.6092125e-01
  -1.9424218e+00   1.5783573e-01  -5.6116065e-01
  -1.9406049e+00   1.5422221e-01  -5.6032421e-01
  -1.9423263e+00   1.4868751e-01  -5.6039673e-01
  -1.9436524e+00   1.4515247e-01  -5.6018017e-01
  -1.9436123e+00   1.4183097e-01  -5.5928720e-01
  -1.9439947e+00   1.3787947e-01  -5.5919806e-01
  -1.9443668e+00   1.3333357e-01  -5.5927600e-01
  -1.9441992e+00   1.3082804e-01  -5.5799980e-01
  -1.9439652e+00   1.3081757e-01  -5.5799635e-01
  -1.9436768e+00   1.2929651e-01  -5.5902955e-01
  -1.9434448e+00   1.2662075e-01  -5.6052587e-01
  -1.9439751e+00   1.2111513e-01  -5.6053652e-01
  -1.9465568e+00   1.1335327e-01  -5.6244185e-01
  -1.9479259e+00   1.0531182e-01  -5.6415157e-01
  -1.9472745e+00   9.7402909e-02  -5.6466665e-01
  -1.9485967e+00   8.6499447e-02  -5.6640902e-01
  -1.9514668e+00   7.6254453e-02  -5.6644453e-01
  -1.9585708e+00   6.2669735e-02  -5.6794488e-01
  -1.9631719e+00   5.1729418e-02  -5.6905939e-01
  -1.9679621e+00   4.0682537e-02  -5.6702295e-01
  -1.9745207e+00   2.7630726e-02  -5.6450123e-01
  -1.9789361e+00   1.5863219e-02  -5.6337634e-01
  -1.9803085e+00   7.3943156e-03  -5.6029548e-01
  -1.9824935e+00  -9.2386995e-04  -5.5697615e-01
  -1.9839758e+00  -9.3972065e-03  -5.5532293e-01
  -1.9851772e+00  -1.6923884e-02  -5.5389531e-01
  -1.9842237e+00  -2.0470355e-02  -5.5099590e-01
  -1.9851777e+00  -2.4720050e-02  -5.4920812e-01
  -1.9844178e+00  -2.5349936e-02  -5.4860813e-01
  -1.9861324e+00  -2.6995202e-02  -5.5324498e-01
  -1.9892346e+00  -3.0504869e-02  -5.5695107e-01
  -1.9896127e+00  -3.0780899e-02  -5.5705508e-01
  -1.9926889e+00  -3.3419376e-02  -5.5916513e-01
  -1.9967559e+00  -3.3148502e-02  -5.6436046e-01
  -2.0045100e+00  -2.9815093e-02  -5.7186910e-01
  -2.0149828e+00  -2.8294018e-02  -5.7913470e-01
  -2.0236683e+00  -2.7484710e-02  -5.8215183e-01
  -2.0428841e+00  -3.7325631e-02  -5.7519094e-01
  -2.0551058e+00  -4.6071317e-02  -5.6597475e-01
  -2.0634997e+00  -5.2404001e-02  -5.6661266e-01
  -2.0782350e+00  -6.1934567e-02  -5.6678528e-01
  -2.0888148e+00  -6.6225520e-02  -5.5996152e-01
  -2.1084392e+00  -7.5879768e-02  -5.4696508e-01
  -2.1166379e+00  -7.8138098e-02  -5.3677602e-01
  -2.1214485e+00  -7.5454179e-02  -5.3185442e-01
  -2.1293627e+00  -7.7954489e-02  -5.2266836e-01
  -2.1363768e+00  -8.5674756e-02  -5.1924376e-01
  -2.1464077e+00  -9.4660181e-02  -5.1771303e-01
  -2.1573775e+00  -1.0037300e-01  -5.2198650e-01
  -2.1692769e+00  -1.0318258e-01  -5.2733842e-01
  -2.1731264e+00  -9.7827915e-02  -5.2683058e-01
  -2.1751347e+00  -9.2254043e-02  -5.2567013e-01
  -2.1722341e+00  -8.5134620e-02  -5.3218432e-01
  -2.1779394e+00  -8.5573774e-02  -5.3929058e-01
  -2.1925193e+00  -9.1305812e-02  -5.4120128e-01
  -2.2006931e+00  -9.2458587e-02  -5.4394152e-01
  -2.2034380e+00  -9.1130354e-02  -5.4502222e-01
  -2.2095573e+00  -9.3604883e-02  -5.4729947e-01
  -2.2093339e+00  -9.2430988e-02  -5.4402484e-01
  -2.2086847e+00  -9.4777933e-02  -5.3929851e-01
  -2.2062662e+00  -9.8739763e-02  -5.3777247e-01
  -2.2037896e+00  -9.8700571e-02  -5.3630910e-01
  -2.2061117e+00  -9.4615189e-02  -5.4359624e-01
  -2.2055527e+00  -8.5023621e-02  -5.4859644e-01
  -2.2049049e+00  -7.5745243e-02  -5.5429055e-01
  -2.1947651e+00  -5.8710424e-02  -5.6799891e-01
  -2.1985919e+00  -5.2049105e-02  -5.7898957e-01
  -2.2026733e+00  -4.4986633e-02  -5.8486567e-01
  -2.2075009e+00  -4.1572047e-02  -5.9238789e-01
  -2.2131144e+00  -3.7663392e-02  -5.9779006e-01
  -2.2191195e+00  -3.1268456e-02  -5.9745170e-01
  -2.2258717e+00  -2.1714731e-02  -6.0630793e-01
  -2.2364293e+00  -2.0398106e-02  -6.1121805e-01
  -2.2414162e+00  -1.9769833e-02  -6.0869872e-01
  -2.2386698e+00  -1.2356858e-02  -6.1294177e-01
  -2.2448462e+00  -8.1272828e-03  -6.2072275e-01
  -2.2512912e+00  -5.6515051e-03  -6.2139446e-01
  -2.2617274e+00  -8.8861667e-03  -6.1920404e-01
  -2.2657398e+00  -4.8173491e-03  -6.1646451e-01
  -2.2757228e+00  -3.8025959e-03  -6.1859292e-01
  -2.2822884e+00   1.7530171e-03  -6.1890346e-01
  -2.2873557e+00   5.7113942e-03  -6.2134242e-01
  -2.2985451e+00   6.0673780e-03  -6.2518837e-01
  -2.3062408e+00   9.1610619e-03  -6.2804674e-01
  -2.3084235e+00   1.4578392e-02  -6.3130851e-01
  -2.3102221e+00   2.0247469e-02  -6.3618195e-01
  -2.3114172e+00   2.5551092e-02  -6.4175402e-01
  -2.3140711e+00   2.9027560e-02  -6.4777567e-01
  -2.3153883e+00   3.2356982e-02  -6.5183738e-01
  -2.3179711e+00   3.5015173e-02  -6.5732659e-01
  -2.3211804e+00   3.9334296e-02  -6.6249328e-01
  -2.3222525e+00   4.4679715e-02  -6.6659077e-01
  -2.3244180e+00   5.1129496e-02  -6.7172434e-01
  -2.3267723e+00   5.7638299e-02  -6.7732409e-01
  -2.3287760e+00   6.5301761e-02  -6.8077919e-01
  -2.3296598e+00   7.1477420e-02  -6.8281238e-01
  -2.3307970e+00   7.5361750e-02  -6.8378679e-01
  -2.3323449e+00   7.9432430e-02  -6.8433350e-01
  -2.3343240e+00   8.3119220e-02  -6.8665956e-01
  -2.3361130e+00   8.8033298e-02  -6.8964248e-01
  -2.3380808e+00   9.2514673e-02  -6.9286327e-01
  -2.3412974e+00   9.5984884e-02  -6.9600294e-01
  -2.3440385e+00   9.9983708e-02  -6.9818152e-01
  -2.3460292e+00   1.0549424e-01  -6.9941553e-01
  -2.3480909e+00   1.1159524e-01  -7.0155646e-01
  -2.3500298e+00   1.1744618e-01  -7.0309724e-01
  -2.3531592e+00   1.2507620e-01  -7.0532876e-01
  -2.3543227e+00   1.3185208e-01  -7.0837828e-01
  -2.3538733e+00   1.3559128e-01  -7.0947880e-01
  -2.3508049e+00   1.3129294e-01  -7.0784385e-01
  -2.3429441e+00   1.2130522e-01  -7.0176417e-01
  -2.3344728e+00   1.1039446e-01  -6.9458817e-01
  -2.3232972e+00   9.7716380e-02  -6.8674984e-01
  -2.3160702e+00   8.1379261e-02  -6.8071273e-01
  -2.3083637e+00   6.3819345e-02  -6.7571380e-01
  -2.3026011e+00   4.3640322e-02  -6.7164758e-01
  -2.2913197e+00   2.8826416e-02  -6.6564242e-01
  -2.2824290e+00   1.4055761e-02  -6.5814197e-01
  -2.2755645e+00   6.0799185e-04  -6.5121613e-01
  -2.2703864e+00  -1.3048252e-02  -6.4539819e-01
  -2.2643595e+00  -2.6661333e-02  -6.3795539e-01
  -2.2592011e+00  -3.9576988e-02  -6.3228723e-01
  -2.2524950e+00  -5.3002228e-02  -6.2630162e-01
  -2.2447132e+00  -6.4880617e-02  -6.2106486e-01
  -2.2377595e+00  -7.7501440e-02  -6.1628796e-01
  -2.2328714e+00  -8.8666229e-02  -6.1245321e-01
  -2.2290297e+00  -9.7522709e-02  -6.1013266e-01
  -2.2282208e+00  -1.0585725e-01  -6.1032781e-01
  -2.2269182e+00  -1.1210943e-01  -6.0908279e-01
  -2.2247564e+00  -1.1749457e-01  -6.0563740e-01
  -2.2209262e+00  -1.1659412e-01  -6.0040956e-01
  -2.2197064e+00  -1.2020015e-01  -5.9603060e-01
  -2.2176525e+00  -1.2574202e-01  -5.9340070e-01
  -2.2182015e+00  -1.3556904e-01  -5.9326445e-01
  -2.2175291e+00  -1.4166879e-01  -5.9590535e-01
  -2.2156795e+00  -1.4480230e-01  -5.9607565e-01
  -2.2149398e+00  -1.4840095e-01  -5.9700247e-01
  -2.2136934e+00  -1.5081587e-01  -5.9786283e-01
  -2.2112446e+00  -1.4535275e-01  -6.0419889e-01
  -2.2079445e+00  -1.4200543e-01  -6.0220383e-01
  -2.2056234e+00  -1.4533636e-01  -5.9662783e-01
  -2.2059126e+00  -1.3932744e-01  -5.9829302e-01
  -2.2089169e+00  -1.2380061e-01  -6.0264796e-01
  -2.2158927e+00  -1.0870648e-01  -6.0681637e-01
  -2.2197768e+00  -9.6355720e-02  -6.1247469e-01
  -2.2202900e+00  -8.0932601e-02  -6.2007180e-01
  -2.2216135e+00  -6.5577343e-02  -6.2509618e-01
  -2.2262297e+00  -5.3337406e-02  -6.3253174e-01
  -2.2211990e+00  -2.8226152e-02  -6.3286156e-01
  -2.2193673e+00  -6.8353746e-03  -6.3000214e-01
  -2.2215578e+00   1.2500664e-03  -6.3309465e-01
  -2.2203828e+00   7.7960741e-03  -6.3681345e-01
  -2.2184451e+00   1.1902200e-02  -6.3897589e-01
  -2.2141499e+00   2.0137804e-02  -6.3682446e-01
  -2.2121117e+00   2.2642129e-02  -6.3617740e-01
  -2.2089934e+00   2.4906138e-02  -6.3725556e-01
  -2.1996437e+00   3.6770643e-02  -6.2928354e-01
  -2.1955870e+00   4.0395909e-02  -6.2647522e-01
  -2.1928751e+00   3.9018088e-02  -6.2587756e-01
  -2.1896531e+00   4.3198457e-02  -6.2477604e-01
  -2.1802583e+00   5.1970486e-02  -6.2280659e-01
  -2.1625716e+00   6.6930524e-02  -6.2024403e-01
  -2.1398336e+00   8.4887668e-02  -6.1641476e-01
  -2.1187917e+00   9.2104664e-02  -6.1550359e-01
  -2.0936635e+00   9.5696431e-02  -6.1417205e-01
  -2.0524848e+00   1.1500733e-01  -6.1020304e-01
  -2.0101015e+00   1.3665469e-01  -6.0802485e-01
  -1.9679866e+00   1.5020234e-01  -6.0400749e-01
  -1.9231423e+00   1.5995567e-01  -6.0766642e-01
  -1.8692576e+00   1.7263486e-01  -6.1290820e-01
  -1.8075400e+00   1.9090238e-01  -6.0855557e-01
  -1.7263014e+00   2.2532086e-01  -5.8330794e-01
  -1.6376823e+00   2.7138951e-01  -5.4732844e-01
  -1.5735519e+00   3.0165611e-01  -5.2590260e-01
  -1.4991855e+00   3.4107014e-01  -4.9530694e-01
  -1.4369324e+00   3.5731880e-01  -4.6417509e-01
  -1.3778461e+00   3.6382387e-01  -4.3663323e-01
  -1.3077907e+00   3.5967717e-01  -3.8145413e-01
  -1.2530510e+00   3.5825267e-01  -3.4770686e-01
  -1.2069512e+00   3.7170080e-01  -3.2012209e-01
  -1.1271997e+00   4.2452910e-01  -2.7081423e-01
  -1.0432107e+00   5.0060570e-01  -2.0696816e-01
  -9.7678945e-01   5.6147309e-01  -1.0482505e-01
  -9.8783115e-01   6.2250561e-01  -8.8866058e-02
  -1.0032529e+00   6.1811127e-01  -1.6136607e-01
  -9.9701137e-01   5.8282431e-01  -2.0413236e-01
  -1.0022563e+00   5.5938984e-01  -1.6269571e-01
  -1.0268938e+00   5.1995298e-01  -1.4549182e-01
  -1.0355344e+00   4.7720944e-01  -2.1249686e-01
  -1.0394784e+00   4.5920770e-01  -2.6707494e-01
  -1.0118902e+00   4.5549733e-01  -2.6546781e-01
  -9.6842760e-01   4.5431351e-01  -2.4786892e-01
  -9.4521274e-01   4.5300681e-01  -2.2503872e-01
  -9.3871384e-01   4.3763929e-01  -2.2576742e-01
  -9.2650081e-01   4.3229752e-01  -2.0187749e-01
  -9.1343582e-01   4.2920111e-01  -1.7801921e-01
  -9.0682508e-01   4.2820298e-01  -1.7106433e-01
  -9.2796387e-01   4.2687997e-01  -1.8484845e-01
  -9.5013951e-01   4.2053611e-01  -2.0606641e-01
  -9.3084916e-01   4.2727915e-01  -1.9515860e-01
  -8.9264919e-01   4.5162148e-01  -1.4938023e-01
  -8.0932037e-01   4.9031472e-01  -5.6824486e-02
  -7.2269674e-01   5.2905700e-01   4.5747959e-02
  -6.0556698e-01   5.6002756e-01   1.7818974e-01
  -5.2308206e-01   5.7514119e-01   2.8502425e-01
  -4.5210933e-01   5.6838902e-01   3.7177316e-01
  -3.7829191e-01   5.3418425e-01   4.6913769e-01
